0.000010 0.066544 0.000010 0.330869 0.458039 0.000010 0.000010 0.000010 0.144498
0.000010 0.257891 0.000010 0.000010 0.000010 0.000010 0.364733 0.000010 0.377316
0.000010 0.043460 0.084141 0.000010 0.310746 0.000010 0.000010 0.122992 0.438622
0.000010 0.075691 0.208151 0.037790 0.000010 0.000010 0.678318 0.000010 0.000010
0.000010 0.000010 0.000010 0.929051 0.070879 0.000010 0.000010 0.000010 0.000010
0.000010 0.000010 0.000010 0.035646 0.094120 0.000010 0.000010 0.340092 0.530092
0.000010 0.513365 0.000010 0.000010 0.375481 0.000010 0.111095 0.000010 0.000010
0.000010 0.000010 0.003051 0.000010 0.000010 0.000010 0.996879 0.000010 0.000010
0.000010 0.000010 0.000010 0.000010 0.000010 0.000010 0.000010 0.748725 0.251205
0.000010 0.127303 0.000010 0.000010 0.861858 0.000010 0.000010 0.000010 0.010779
0.000010 0.000019 0.000010 0.000010 0.000010 0.000010 0.000010 0.000010 0.999911
0.000010 0.000010 0.999920 0.000010 0.000010 0.000010 0.000010 0.000010 0.000010
0.000010 0.021946 0.000010 0.000014 0.000010 0.000010 0.205920 0.446244 0.325836
0.066753 0.526572 0.045448 0.000010 0.000010 0.000010 0.000010 0.143999 0.217189
0.000010 0.000010 0.999916 0.000014 0.000010 0.000010 0.000010 0.000010 0.000010
0.000010 0.000010 0.843799 0.000010 0.000010 0.000010 0.008659 0.000010 0.147482
0.000010 0.263940 0.593012 0.000010 0.003116 0.000010 0.000010 0.000010 0.139882
0.000010 0.050070 0.949860 0.000010 0.000010 0.000010 0.000010 0.000010 0.000010
0.039897 0.000010 0.000010 0.000010 0.000010 0.000010 0.000010 0.960033 0.000010
0.000010 0.000010 0.000010 0.451143 0.000010 0.000010 0.000010 0.520667 0.028130
0.793569 0.000010 0.000016 0.000010 0.000010 0.000010 0.000010 0.206355 0.000010
0.000010 0.000010 0.000010 0.000010 0.010879 0.000010 0.000010 0.700873 0.288188
0.000010 0.105334 0.000010 0.000010 0.000010 0.000010 0.000010 0.860268 0.034338
0.000010 0.000010 0.000010 0.000010 0.000010 0.000010 0.877208 0.000010 0.122722
0.000010 0.463478 0.450871 0.072618 0.012983 0.000010 0.000010 0.000010 0.000010
0.000010 0.000010 0.070327 0.000010 0.000010 0.000010 0.929603 0.000010 0.000010
0.000010 0.000010 0.000010 0.000010 0.000010 0.000010 0.000010 0.273705 0.726225
0.000010 0.000012 0.000010 0.000010 0.000010 0.999918 0.000010 0.000010 0.000010
0.018921 0.107280 0.070157 0.000010 0.000010 0.000010 0.016048 0.619264 0.168300
0.108646 0.000010 0.136600 0.000010 0.000010 0.000010 0.000010 0.000010 0.754695
0.000010 0.000010 0.000010 0.000010 0.000010 0.000010 0.000010 0.000010 0.999920
0.000010 0.000010 0.000010 0.000010 0.628569 0.000018 0.000010 0.085880 0.285484
0.000010 0.000010 0.000010 0.000010 0.000010 0.000010 0.000010 0.999920 0.000010
0.094139 0.095187 0.221701 0.000010 0.000010 0.030425 0.035037 0.000010 0.523481
0.000010 0.000010 0.000010 0.000010 0.000010 0.000010 0.000010 0.000010 0.999920
0.000010 0.000010 0.000010 0.000010 0.000010 0.000010 0.000010 0.414069 0.585861
0.999909 0.000010 0.000014 0.000010 0.000010 0.000012 0.000010 0.000015 0.000010
0.000010 0.000010 0.000010 0.000010 0.000010 0.000010 0.999920 0.000010 0.000010
0.000010 0.000010 0.000010 0.999920 0.000010 0.000010 0.000010 0.000010 0.000010
0.000010 0.459461 0.000010 0.176901 0.200170 0.000010 0.000010 0.000010 0.163418
0.000010 0.000010 0.000010 0.999920 0.000010 0.000010 0.000010 0.000010 0.000010
0.000010 0.152942 0.432224 0.000010 0.000010 0.000010 0.220201 0.000010 0.194583
0.000010 0.255597 0.000010 0.000010 0.000010 0.000010 0.418789 0.000010 0.325554
0.000010 0.437674 0.000010 0.000010 0.000010 0.000010 0.000010 0.000010 0.562256
0.000010 0.000010 0.000010 0.000010 0.000010 0.000010 0.000010 0.786986 0.212944
0.000010 0.032118 0.331043 0.000010 0.409978 0.000010 0.000010 0.000010 0.226812
0.000010 0.000010 0.000010 0.000010 0.000010 0.000010 0.000010 0.000010 0.999920
0.999920 0.000010 0.000010 0.000010 0.000010 0.000010 0.000010 0.000010 0.000010
0.000010 0.000010 0.000010 0.876844 0.000010 0.123086 0.000010 0.000010 0.000010
0.000010 0.127278 0.000010 0.000010 0.025923 0.000010 0.729944 0.050823 0.065993
0.000010 0.038827 0.000010 0.000010 0.099259 0.000010 0.000010 0.403583 0.458280
0.000010 0.136451 0.660043 0.000010 0.000010 0.000010 0.203445 0.000010 0.000010
0.000010 0.531168 0.039305 0.000010 0.000010 0.000010 0.086228 0.000010 0.343249
0.000010 0.623904 0.000010 0.193395 0.120554 0.000010 0.000010 0.000010 0.062097
0.000010 0.000010 0.000010 0.999920 0.000010 0.000010 0.000010 0.000010 0.000010
0.046069 0.032216 0.085957 0.661947 0.000010 0.091892 0.028211 0.032871 0.020828
0.000010 0.000010 0.000010 0.000010 0.000010 0.000010 0.528212 0.000010 0.471718
0.048537 0.388518 0.000010 0.000010 0.531628 0.000010 0.002169 0.000010 0.029108
0.000010 0.509485 0.082354 0.000010 0.000010 0.000010 0.000010 0.255553 0.152558
0.000010 0.074452 0.319076 0.000010 0.000010 0.000010 0.076676 0.000010 0.529746
0.000010 0.060499 0.000010 0.222527 0.075165 0.000010 0.000010 0.641759 0.000010
0.909098 0.000010 0.000010 0.000010 0.000010 0.000010 0.000010 0.090832 0.000010
0.085245 0.577850 0.015489 0.000010 0.001231 0.000010 0.168867 0.086968 0.064330
0.702208 0.000010 0.000010 0.000010 0.000010 0.000010 0.000010 0.297722 0.000010
0.000010 0.424257 0.054754 0.000010 0.254098 0.000010 0.266841 0.000010 0.000010
0.000010 0.000010 0.000010 0.000010 0.550453 0.000010 0.046978 0.079705 0.322813
0.000010 0.813085 0.000010 0.000010 0.000010 0.000010 0.000010 0.000010 0.186845
0.000010 0.000010 0.000010 0.000010 0.781117 0.000010 0.075454 0.007003 0.136376
0.000010 0.000010 0.000010 0.000010 0.000010 0.000010 0.000010 0.000010 0.999920
0.000010 0.000010 0.000010 0.000010 0.000010 0.000010 0.999920 0.000010 0.000010
0.000010 0.343421 0.656509 0.000010 0.000010 0.000010 0.000010 0.000010 0.000010
0.000011 0.000010 0.000010 0.745795 0.254134 0.000010 0.000010 0.000010 0.000010
0.000010 0.000010 0.000019 0.000014 0.000010 0.999907 0.000010 0.000010 0.000010
0.000010 0.000010 0.000010 0.000010 0.000010 0.000010 0.000010 0.999920 0.000010
0.000010 0.000010 0.000010 0.000010 0.000010 0.000010 0.999920 0.000010 0.000010
0.000010 0.000010 0.000010 0.999920 0.000010 0.000010 0.000010 0.000010 0.000010
0.000010 0.000010 0.000010 0.000010 0.000010 0.999920 0.000010 0.000010 0.000010
0.000010 0.000010 0.000012 0.000010 0.834207 0.000010 0.000010 0.000010 0.165721
0.000010 0.000010 0.843529 0.000010 0.000010 0.000010 0.156401 0.000010 0.000010
0.090514 0.000010 0.000010 0.000010 0.000010 0.909416 0.000010 0.000010 0.000010
0.000010 0.000010 0.000010 0.051384 0.636966 0.000010 0.000010 0.298972 0.012628
0.000010 0.586981 0.117810 0.000010 0.000010 0.000010 0.097101 0.000010 0.198059
0.000010 0.000010 0.000010 0.000010 0.000010 0.000010 0.000010 0.999920 0.000010
0.000010 0.000010 0.914461 0.000010 0.000010 0.000010 0.085469 0.000010 0.000010
0.000010 0.128287 0.050233 0.000010 0.000010 0.000010 0.699016 0.000010 0.122414
0.000010 0.000010 0.999909 0.000019 0.000010 0.000010 0.000013 0.000010 0.000010
0.298958 0.531939 0.000010 0.000010 0.169043 0.000010 0.000010 0.000010 0.000010
0.000010 0.000010 0.999920 0.000010 0.000010 0.000010 0.000010 0.000010 0.000010
0.000010 0.681537 0.000010 0.000010 0.000010 0.000010 0.115910 0.048253 0.154251
0.000010 0.000010 0.000010 0.000010 0.000010 0.000010 0.827789 0.000010 0.172141
0.000015 0.162897 0.062391 0.148796 0.243790 0.000016 0.000010 0.031883 0.350202
0.139755 0.000010 0.000010 0.000010 0.000010 0.000010 0.230613 0.629572 0.000010
0.000010 0.000010 0.620887 0.138323 0.000010 0.000010 0.019102 0.128135 0.093513
0.000010 0.000010 0.000010 0.000010 0.000010 0.000010 0.000010 0.269845 0.730085
0.000010 0.143715 0.123702 0.000010 0.000010 0.000010 0.329986 0.000010 0.402547
0.000010 0.106720 0.000010 0.000010 0.095932 0.000010 0.038286 0.523873 0.235148
0.000010 0.000010 0.000010 0.000010 0.000010 0.000010 0.999920 0.000010 0.000010
0.000010 0.000010 0.000010 0.999920 0.000010 0.000010 0.000010 0.000010 0.000010
0.000010 0.431967 0.562675 0.000010 0.000010 0.000010 0.005298 0.000010 0.000010
0.000010 0.078300 0.000010 0.000010 0.000010 0.000010 0.000010 0.826277 0.095363
0.000010 0.092749 0.203304 0.000010 0.000010 0.000010 0.000010 0.038861 0.665036
0.000010 0.000013 0.366965 0.000010 0.000010 0.000010 0.632962 0.000010 0.000010
0.000010 0.641698 0.176181 0.000010 0.000010 0.000010 0.000010 0.000010 0.182060
0.000010 0.000010 0.000010 0.999920 0.000010 0.000010 0.000010 0.000010 0.000010
0.000010 0.075015 0.142098 0.000010 0.000010 0.000010 0.627871 0.153667 0.001310
0.000010 0.000010 0.930976 0.000010 0.000010 0.000010 0.000010 0.000010 0.068954
0.068565 0.289218 0.084287 0.000010 0.000010 0.000010 0.000010 0.364291 0.193599
0.000010 0.000010 0.000010 0.000010 0.999920 0.000010 0.000010 0.000010 0.000010
0.057559 0.061151 0.000010 0.000010 0.000010 0.000010 0.000010 0.881230 0.000010
0.000010 0.000010 0.897827 0.000010 0.000010 0.000010 0.102103 0.000010 0.000010
0.000010 0.657852 0.000010 0.000010 0.000010 0.000010 0.000014 0.000010 0.342075
0.000010 0.000012 0.000010 0.728883 0.271045 0.000010 0.000010 0.000010 0.000010
0.000010 0.375374 0.000010 0.000010 0.000010 0.000010 0.624556 0.000010 0.000010
0.000013 0.404239 0.285327 0.000010 0.000010 0.000012 0.310368 0.000010 0.000010
0.000010 0.000010 0.000010 0.721333 0.247705 0.030902 0.000010 0.000010 0.000010
0.014258 0.594821 0.390862 0.000010 0.000010 0.000010 0.000010 0.000010 0.000010
0.000010 0.000010 0.000010 0.000010 0.990638 0.000010 0.000010 0.000010 0.009292
0.000010 0.000010 0.000010 0.433934 0.409527 0.156479 0.000010 0.000010 0.000010
0.000010 0.000010 0.999920 0.000010 0.000010 0.000010 0.000010 0.000010 0.000010
0.000010 0.000010 0.000010 0.000010 0.000010 0.999920 0.000010 0.000010 0.000010
0.000010 0.000010 0.000010 0.000010 0.000010 0.000010 0.000010 0.202069 0.797861
0.000010 0.713655 0.069445 0.000010 0.000010 0.000010 0.000010 0.000010 0.216840
0.000010 0.000010 0.000010 0.000010 0.803465 0.000010 0.000010 0.000010 0.196465
0.000010 0.000010 0.015441 0.000010 0.000010 0.000010 0.835520 0.148979 0.000010
0.000010 0.000010 0.821206 0.000010 0.000010 0.000010 0.178724 0.000010 0.000010
0.000010 0.000010 0.000010 0.000010 0.000010 0.000010 0.000010 0.121677 0.878253
0.000010 0.000010 0.629991 0.000010 0.000010 0.000010 0.369939 0.000010 0.000010
0.073026 0.667847 0.000010 0.000010 0.000010 0.000010 0.000010 0.245600 0.013477
0.151673 0.000010 0.121158 0.042735 0.000010 0.000010 0.000010 0.684383 0.000010
0.000010 0.000010 0.000010 0.000010 0.999920 0.000010 0.000010 0.000010 0.000010
0.000010 0.120484 0.000010 0.148222 0.439604 0.000010 0.067742 0.150921 0.072998
0.000010 0.000010 0.000010 0.000010 0.999920 0.000010 0.000010 0.000010 0.000010
0.073825 0.499625 0.000010 0.000010 0.000019 0.000010 0.224720 0.000010 0.201772
0.000010 0.151996 0.700527 0.000010 0.000010 0.000010 0.147417 0.000010 0.000010
0.000010 0.000010 0.003651 0.996279 0.000010 0.000010 0.000010 0.000010 0.000010
0.000010 0.000010 0.133203 0.866727 0.000010 0.000010 0.000010 0.000010 0.000010
0.052350 0.168936 0.000010 0.152370 0.000010 0.000012 0.000010 0.483082 0.143219
0.000010 0.000010 0.000010 0.000010 0.000010 0.000010 0.000010 0.000010 0.999920
0.000010 0.000010 0.000010 0.000010 0.000010 0.000010 0.000010 0.939823 0.060107
0.000010 0.000010 0.016866 0.000010 0.000010 0.000010 0.836199 0.000010 0.146875
0.000010 0.450175 0.000010 0.000010 0.000010 0.000010 0.030893 0.303470 0.215411
0.000010 0.478740 0.134776 0.000010 0.000010 0.000010 0.386425 0.000010 0.000010
0.000010 0.150429 0.000010 0.000010 0.633276 0.000010 0.033442 0.140945 0.041868
0.000010 0.000010 0.000010 0.000010 0.000010 0.000010 0.999920 0.000010 0.000010
0.159441 0.000010 0.000010 0.100918 0.000010 0.000010 0.000010 0.422558 0.317034
0.000010 0.047847 0.000010 0.000010 0.603285 0.000010 0.000010 0.348808 0.000010
0.000010 0.000010 0.000010 0.000010 0.000010 0.000010 0.000010 0.000010 0.999920
0.000010 0.284348 0.000010 0.251969 0.311358 0.000010 0.000010 0.000010 0.152276
0.164225 0.021004 0.065090 0.000010 0.000010 0.000010 0.019158 0.000010 0.730482
0.000010 0.000010 0.000010 0.000017 0.855655 0.000010 0.000010 0.000010 0.144268
0.909353 0.000010 0.000016 0.000013 0.000010 0.000010 0.000010 0.090568 0.000010
0.000014 0.000010 0.039270 0.000010 0.000010 0.000010 0.000010 0.321225 0.639441
0.000010 0.064788 0.000010 0.000010 0.404609 0.000010 0.000010 0.432436 0.098117
0.000010 0.173503 0.000010 0.000010 0.537828 0.000010 0.288609 0.000010 0.000010
0.000010 0.000010 0.048884 0.205037 0.019677 0.000010 0.000010 0.520248 0.206114
0.000010 0.000010 0.000010 0.000010 0.000010 0.000010 0.000010 0.000010 0.999920
0.000010 0.000010 0.000010 0.916468 0.083462 0.000011 0.000010 0.000010 0.000010
0.346671 0.039247 0.000010 0.000010 0.000010 0.000010 0.067389 0.546643 0.000010
0.000010 0.660872 0.000010 0.000010 0.000010 0.000010 0.058562 0.000010 0.280507
0.000010 0.055687 0.088150 0.000010 0.587486 0.000010 0.000010 0.186840 0.081797
0.000010 0.000010 0.000010 0.000010 0.000010 0.000010 0.000010 0.640558 0.359372
0.000010 0.000010 0.000010 0.000010 0.000010 0.999920 0.000010 0.000010 0.000010
0.000010 0.089757 0.000010 0.101377 0.579611 0.000010 0.000010 0.179573 0.049642
0.000010 0.000010 0.000010 0.871589 0.089367 0.000010 0.038984 0.000010 0.000010
0.000010 0.000010 0.000010 0.000010 0.000010 0.999920 0.000010 0.000010 0.000010
0.000010 0.000010 0.000010 0.000010 0.000010 0.000010 0.999920 0.000010 0.000010
0.000010 0.000010 0.000010 0.000010 0.000010 0.999920 0.000010 0.000010 0.000010
0.000010 0.000011 0.000013 0.000010 0.000013 0.999913 0.000010 0.000010 0.000010
0.000010 0.000010 0.000010 0.089856 0.910074 0.000010 0.000010 0.000010 0.000010
0.007187 0.157539 0.000010 0.000010 0.227333 0.000010 0.000010 0.087823 0.520078
0.051280 0.000010 0.000010 0.026634 0.000010 0.057573 0.061006 0.232593 0.570883
0.000010 0.000010 0.000010 0.000010 0.000010 0.999920 0.000010 0.000010 0.000010
0.000010 0.000010 0.000010 0.000010 0.795497 0.000010 0.026148 0.085227 0.093078
0.013876 0.000010 0.099248 0.000014 0.000010 0.000010 0.008763 0.087047 0.791022
0.000010 0.000010 0.000010 0.000010 0.000010 0.000010 0.794035 0.000010 0.205895
0.000014 0.492831 0.000010 0.000010 0.000010 0.000010 0.000010 0.357455 0.149650
0.000010 0.371001 0.000010 0.000010 0.471456 0.000010 0.000010 0.000010 0.157483
0.018638 0.661393 0.002146 0.056203 0.143953 0.000010 0.000010 0.051713 0.065934
0.000010 0.999920 0.000010 0.000010 0.000010 0.000010 0.000010 0.000010 0.000010
0.000010 0.000010 0.000010 0.000010 0.859394 0.000010 0.000010 0.086563 0.053983
0.784228 0.000010 0.000010 0.000010 0.000010 0.000010 0.000010 0.215702 0.000010
0.000010 0.000010 0.000010 0.000010 0.000010 0.000010 0.999920 0.000010 0.000010
0.000010 0.000010 0.000010 0.000010 0.999920 0.000010 0.000010 0.000010 0.000010
0.427981 0.213993 0.021169 0.044546 0.000010 0.000015 0.096362 0.195914 0.000010
0.000010 0.000010 0.000010 0.273136 0.726794 0.000010 0.000010 0.000010 0.000010
0.000010 0.671484 0.109935 0.000010 0.000010 0.000010 0.000010 0.196702 0.021828
0.000010 0.000010 0.000010 0.000010 0.889325 0.000010 0.000010 0.000010 0.110605
0.000010 0.000010 0.999911 0.000016 0.000010 0.000010 0.000013 0.000010 0.000010
0.000010 0.093225 0.000010 0.000010 0.000010 0.000010 0.000010 0.116897 0.789818
0.000010 0.000010 0.000010 0.000010 0.822843 0.000010 0.000010 0.000010 0.177087
0.000010 0.993396 0.006534 0.000010 0.000010 0.000010 0.000010 0.000010 0.000010
0.000010 0.230620 0.000010 0.000010 0.102740 0.000010 0.359918 0.000010 0.306672
0.000010 0.000010 0.000010 0.992292 0.000010 0.000010 0.007638 0.000010 0.000010
0.000010 0.000010 0.000010 0.000010 0.000010 0.000010 0.000010 0.999920 0.000010
0.000010 0.158145 0.000010 0.000018 0.000010 0.000010 0.585745 0.000010 0.256042
0.290330 0.000010 0.239125 0.000010 0.000010 0.000010 0.112040 0.358455 0.000010
0.000010 0.302822 0.000010 0.000010 0.000010 0.000010 0.019077 0.120667 0.557383
0.000012 0.018315 0.000010 0.000010 0.000010 0.000010 0.000010 0.759220 0.222404
0.000010 0.000010 0.000010 0.999920 0.000010 0.000010 0.000010 0.000010 0.000010
0.000018 0.154648 0.000010 0.000010 0.000010 0.000010 0.381648 0.000010 0.463635
0.000010 0.133975 0.178303 0.000010 0.000010 0.000010 0.687662 0.000010 0.000010
0.000010 0.000010 0.024281 0.000010 0.000010 0.000010 0.000010 0.670927 0.304733
0.225180 0.000010 0.048601 0.000010 0.000010 0.000010 0.000010 0.726159 0.000010
0.034540 0.606359 0.000010 0.000010 0.174341 0.000010 0.000010 0.000010 0.184710
0.000010 0.540503 0.099789 0.000010 0.000010 0.000010 0.233789 0.000010 0.125870
0.000010 0.000010 0.273625 0.000010 0.000010 0.000010 0.726305 0.000010 0.000010
0.000010 0.000010 0.000010 0.000010 0.000010 0.999920 0.000010 0.000010 0.000010
0.000010 0.000010 0.000010 0.000010 0.000010 0.000010 0.000010 0.000010 0.999920
0.000010 0.454106 0.207629 0.000010 0.000010 0.000010 0.338205 0.000010 0.000010
0.056645 0.163715 0.078447 0.507359 0.090517 0.000010 0.103288 0.000010 0.000010
0.000010 0.000010 0.914043 0.000010 0.000010 0.000010 0.074887 0.000010 0.011010
0.000010 0.289315 0.000010 0.000010 0.000010 0.000010 0.000010 0.071554 0.639070
0.000010 0.000010 0.000010 0.786551 0.213379 0.000010 0.000010 0.000010 0.000010
0.000010 0.000010 0.770262 0.000010 0.000010 0.000010 0.229668 0.000010 0.000010
0.000010 0.000010 0.000010 0.000010 0.000010 0.000010 0.000010 0.494302 0.505628
0.045958 0.286422 0.000010 0.000010 0.000010 0.000010 0.495516 0.000010 0.172053
0.999920 0.000010 0.000010 0.000010 0.000010 0.000010 0.000010 0.000010 0.000010
0.000010 0.393478 0.415110 0.000010 0.000010 0.000010 0.000010 0.088520 0.102842
0.000010 0.000010 0.000018 0.000010 0.206832 0.000010 0.074342 0.000010 0.718757
0.000010 0.000011 0.000010 0.000010 0.000010 0.000010 0.000010 0.780088 0.219841
0.000010 0.000010 0.000010 0.000010 0.000010 0.000010 0.911460 0.000010 0.088470
0.000010 0.454245 0.144869 0.000010 0.000010 0.000010 0.400825 0.000010 0.000010
0.488541 0.166315 0.000010 0.000010 0.000010 0.000010 0.037189 0.307905 0.000010
0.000010 0.000010 0.000010 0.147135 0.852795 0.000010 0.000010 0.000010 0.000010
0.000010 0.921398 0.078532 0.000010 0.000010 0.000010 0.000010 0.000010 0.000010
0.000010 0.000010 0.005145 0.000010 0.860367 0.000010 0.033347 0.000010 0.101090
0.012451 0.758410 0.229080 0.000010 0.000010 0.000010 0.000010 0.000010 0.000010
0.000010 0.000010 0.000010 0.000010 0.000010 0.000010 0.000010 0.999920 0.000010
0.000010 0.000010 0.000010 0.000010 0.851418 0.000010 0.000010 0.088959 0.059563
0.000010 0.000010 0.037576 0.962354 0.000010 0.000010 0.000010 0.000010 0.000010
0.000010 0.407044 0.033715 0.000010 0.000010 0.000010 0.000010 0.258399 0.300793
0.000010 0.000010 0.000010 0.547689 0.163299 0.000010 0.288952 0.000010 0.000010
0.000010 0.276114 0.133499 0.000010 0.000010 0.000010 0.416399 0.173938 0.000010
0.000010 0.187401 0.000010 0.000010 0.000010 0.000010 0.000010 0.000010 0.812529
0.021850 0.337417 0.000010 0.000010 0.000010 0.000010 0.377207 0.021308 0.242178
0.000010 0.235066 0.302465 0.000010 0.000010 0.000010 0.000387 0.206111 0.255930
0.000010 0.000010 0.084511 0.000010 0.000010 0.000010 0.912324 0.000010 0.003105
0.000010 0.407588 0.000010 0.000010 0.417688 0.000010 0.122608 0.000010 0.052066
0.000010 0.000010 0.210224 0.000010 0.000010 0.000010 0.000010 0.105899 0.683817
0.000010 0.000010 0.000010 0.000010 0.000010 0.999920 0.000010 0.000010 0.000010
0.000010 0.000010 0.000010 0.000010 0.000010 0.000010 0.961601 0.000010 0.038329
0.000019 0.372369 0.000010 0.000010 0.000010 0.000010 0.495583 0.000010 0.131979
0.000010 0.000010 0.000010 0.563761 0.436169 0.000010 0.000010 0.000010 0.000010
0.000010 0.226319 0.000010 0.000010 0.000011 0.000010 0.244912 0.000010 0.528708
0.000010 0.000010 0.000010 0.000010 0.000010 0.000010 0.000010 0.748758 0.251172
0.000010 0.000010 0.000010 0.000010 0.000010 0.999920 0.000010 0.000010 0.000010
0.000010 0.710279 0.000010 0.000010 0.000018 0.000010 0.216367 0.000010 0.073285
0.000010 0.000010 0.999920 0.000010 0.000010 0.000010 0.000010 0.000010 0.000010
0.188418 0.003526 0.159456 0.000010 0.000010 0.000010 0.000010 0.599792 0.048769
0.000010 0.000010 0.026198 0.000010 0.000010 0.000010 0.000010 0.793843 0.179899
0.000010 0.080281 0.908120 0.000010 0.000010 0.000010 0.000010 0.000010 0.011539
0.000010 0.000010 0.000010 0.000010 0.000010 0.000010 0.000010 0.874705 0.125225
0.087010 0.000010 0.358718 0.000010 0.000010 0.000010 0.000010 0.000010 0.554211
0.000010 0.174903 0.000010 0.000010 0.558039 0.000010 0.133766 0.000010 0.133242
0.000010 0.000010 0.000010 0.000010 0.000010 0.000010 0.999920 0.000010 0.000010
0.125763 0.000010 0.000015 0.050837 0.000010 0.823336 0.000010 0.000010 0.000010
0.045635 0.406376 0.193328 0.000010 0.000013 0.000010 0.000010 0.276848 0.077769
0.000010 0.824874 0.000010 0.000010 0.000010 0.000010 0.000010 0.133103 0.041963
0.000010 0.000010 0.000010 0.000010 0.177450 0.000010 0.000010 0.047653 0.774837
0.999920 0.000010 0.000010 0.000010 0.000010 0.000010 0.000010 0.000010 0.000010
0.000010 0.000010 0.000010 0.000010 0.000010 0.999920 0.000010 0.000010 0.000010
0.000010 0.000010 0.000010 0.000010 0.000010 0.000010 0.215089 0.549349 0.235503
0.000010 0.000010 0.327500 0.000010 0.000010 0.000010 0.140112 0.000010 0.532328
0.000010 0.459923 0.135009 0.000010 0.000010 0.000010 0.054636 0.250220 0.100172
0.000010 0.000010 0.000010 0.000010 0.000010 0.000010 0.000010 0.871094 0.128836
0.153822 0.000010 0.131641 0.000010 0.000010 0.000010 0.000010 0.599014 0.115473
0.052067 0.000010 0.415886 0.046567 0.000010 0.000010 0.155044 0.178509 0.151898
0.000010 0.000010 0.074221 0.000010 0.000010 0.000010 0.925709 0.000010 0.000010
0.000010 0.767461 0.232469 0.000010 0.000010 0.000010 0.000010 0.000010 0.000010
0.000010 0.000010 0.000010 0.861524 0.138406 0.000010 0.000010 0.000010 0.000010
0.000010 0.000010 0.000010 0.000010 0.000010 0.999920 0.000010 0.000010 0.000010
0.000010 0.000010 0.223929 0.000010 0.000010 0.000010 0.000010 0.776001 0.000010
0.999920 0.000010 0.000010 0.000010 0.000010 0.000010 0.000010 0.000010 0.000010
0.000010 0.000010 0.000010 0.924605 0.075325 0.000010 0.000010 0.000010 0.000010
0.000010 0.000010 0.000010 0.000010 0.000010 0.000010 0.796097 0.000010 0.203833
0.000011 0.623964 0.028360 0.000010 0.000010 0.000010 0.088611 0.059827 0.199197
0.000010 0.000010 0.395819 0.000010 0.000013 0.000012 0.604106 0.000010 0.000010
0.000010 0.000010 0.000010 0.010343 0.989587 0.000010 0.000010 0.000010 0.000010
0.000010 0.000010 0.000010 0.876956 0.000010 0.000010 0.000010 0.122974 0.000010
0.000010 0.000010 0.000010 0.178484 0.821446 0.000010 0.000010 0.000010 0.000010
0.000010 0.000010 0.000010 0.000010 0.938119 0.000010 0.000010 0.000010 0.061811
0.000010 0.000010 0.999920 0.000010 0.000010 0.000010 0.000010 0.000010 0.000010
0.849026 0.000010 0.000010 0.048210 0.000010 0.006872 0.095842 0.000010 0.000010
0.000010 0.404580 0.000010 0.000010 0.000010 0.000010 0.000010 0.000010 0.595350
0.000010 0.435264 0.000010 0.000010 0.000010 0.000010 0.051471 0.000010 0.513205
0.062869 0.153717 0.068130 0.000010 0.409684 0.000010 0.024780 0.268005 0.012796
0.000010 0.327060 0.000010 0.000010 0.055749 0.000010 0.000010 0.000010 0.617131
0.000010 0.000010 0.000010 0.000010 0.000010 0.999920 0.000010 0.000010 0.000010
0.030301 0.021295 0.000010 0.122572 0.777531 0.000010 0.000010 0.048261 0.000010
0.000010 0.352489 0.000010 0.000010 0.000010 0.000010 0.305468 0.174600 0.167393
0.000010 0.027435 0.000010 0.631974 0.000010 0.000010 0.027536 0.050928 0.262087
0.000010 0.000010 0.000010 0.000010 0.067535 0.932395 0.000010 0.000010 0.000010
0.000010 0.000010 0.000010 0.000010 0.000013 0.999917 0.000010 0.000010 0.000010
0.000010 0.000010 0.000010 0.033383 0.000010 0.000010 0.000010 0.283638 0.682919
0.000010 0.000010 0.044263 0.000010 0.002485 0.000010 0.000010 0.767895 0.185307
0.000010 0.837417 0.000010 0.000010 0.018905 0.000010 0.000010 0.000010 0.143618
0.000010 0.999920 0.000010 0.000010 0.000010 0.000010 0.000010 0.000010 0.000010
0.005193 0.000010 0.036212 0.922426 0.000010 0.000010 0.000010 0.036119 0.000010
0.000013 0.000010 0.000010 0.000010 0.000010 0.000010 0.000010 0.621394 0.378533
0.000010 0.674803 0.000010 0.000010 0.000010 0.000010 0.325127 0.000010 0.000010
0.000010 0.000010 0.137407 0.000010 0.000010 0.000010 0.862523 0.000010 0.000010
0.000010 0.416182 0.021551 0.000010 0.000010 0.000010 0.000010 0.266872 0.295345
0.000010 0.000010 0.000010 0.537949 0.461981 0.000010 0.000010 0.000010 0.000010
0.000010 0.000010 0.122981 0.000010 0.000010 0.000010 0.000010 0.845080 0.031879
0.000010 0.159548 0.000010 0.000010 0.840382 0.000010 0.000010 0.000010 0.000010
0.000010 0.000010 0.086899 0.000010 0.000010 0.000010 0.000010 0.808814 0.104227
0.663237 0.090135 0.000010 0.000010 0.000010 0.000010 0.034866 0.206927 0.004795
0.000010 0.000010 0.000010 0.000010 0.039335 0.000010 0.057400 0.757846 0.145370
0.257997 0.000010 0.276628 0.020542 0.000010 0.000010 0.000010 0.351465 0.093328
0.000010 0.000010 0.000010 0.065615 0.000010 0.000010 0.000010 0.775763 0.158561
0.169649 0.000010 0.012243 0.000010 0.000010 0.000010 0.000010 0.818048 0.000010
0.000010 0.000010 0.000010 0.830524 0.164261 0.000010 0.000010 0.000010 0.005155
0.000010 0.000010 0.000010 0.999920 0.000010 0.000010 0.000010 0.000010 0.000010
0.000010 0.004122 0.000010 0.000010 0.000010 0.000010 0.297034 0.462701 0.236093
0.000010 0.000010 0.000010 0.000010 0.999920 0.000010 0.000010 0.000010 0.000010
0.999920 0.000010 0.000010 0.000010 0.000010 0.000010 0.000010 0.000010 0.000010
0.000010 0.000010 0.000010 0.000010 0.000010 0.000010 0.000010 0.000010 0.999920
0.000010 0.020617 0.000010 0.059543 0.000010 0.000010 0.000010 0.403299 0.516491
0.000010 0.000010 0.483746 0.000010 0.000010 0.000010 0.000010 0.516184 0.000010
0.000010 0.000010 0.000010 0.000010 0.000010 0.000010 0.000010 0.999920 0.000010
0.000010 0.000010 0.000010 0.000010 0.666930 0.000010 0.000010 0.000010 0.333000
0.000010 0.602418 0.000010 0.000010 0.107994 0.000010 0.000010 0.098369 0.191168
0.000010 0.000010 0.000010 0.000010 0.000010 0.999920 0.000010 0.000010 0.000010
0.000010 0.000010 0.000010 0.000010 0.999920 0.000010 0.000010 0.000010 0.000010
0.000010 0.000010 0.000010 0.000015 0.000010 0.000010 0.999915 0.000010 0.000010
0.000010 0.000010 0.000010 0.000010 0.055242 0.000010 0.064555 0.000010 0.880142
0.000010 0.000010 0.000010 0.000010 0.000010 0.000010 0.000010 0.000010 0.999920
0.000010 0.000010 0.267202 0.000010 0.000010 0.000010 0.000010 0.732728 0.000010
0.000010 0.498847 0.000010 0.000010 0.000010 0.000010 0.059162 0.318232 0.123708
0.606900 0.026047 0.281950 0.000010 0.000010 0.000010 0.000010 0.085054 0.000010
