0.151133 0.000010 0.000010 0.000010 0.000010 0.531450 0.317377
0.441907 0.000010 0.000010 0.558043 0.000010 0.000010 0.000010
0.620177 0.000010 0.000010 0.000010 0.109599 0.270184 0.000010
0.000010 0.000010 0.000010 0.693430 0.305610 0.000010 0.000920
0.000010 0.000010 0.000010 0.000010 0.000010 0.085848 0.914102
0.780637 0.000010 0.000010 0.000010 0.000010 0.035181 0.184141
0.000010 0.000010 0.000010 0.193638 0.280517 0.525804 0.000010
0.000010 0.000010 0.000010 0.999940 0.000010 0.000010 0.000010
0.825870 0.174080 0.000010 0.000010 0.000010 0.000010 0.000010
0.184391 0.000010 0.000010 0.000010 0.000010 0.815559 0.000010
0.999939 0.000011 0.000010 0.000010 0.000010 0.000010 0.000010
0.000010 0.000010 0.000010 0.000010 0.999940 0.000010 0.000010
0.565450 0.208586 0.000010 0.225923 0.000010 0.000010 0.000010
0.557879 0.149703 0.000010 0.000010 0.292379 0.000010 0.000010
0.000010 0.000010 0.000010 0.000010 0.999940 0.000010 0.000010
0.145380 0.051181 0.000010 0.008178 0.795231 0.000010 0.000010
0.311750 0.000010 0.000010 0.000010 0.688200 0.000010 0.000010
0.000010 0.000010 0.000010 0.000010 0.999940 0.000010 0.000010
0.372572 0.627378 0.000010 0.000010 0.000010 0.000010 0.000010
0.329412 0.187057 0.000010 0.000010 0.000010 0.000010 0.483491
0.000010 0.999940 0.000010 0.000010 0.000010 0.000010 0.000010
0.808786 0.103063 0.000010 0.000010 0.000010 0.000010 0.088111
0.603678 0.396266 0.000010 0.000017 0.000010 0.000010 0.000010
0.017214 0.000013 0.000020 0.982715 0.000018 0.000010 0.000010
0.165629 0.000010 0.000010 0.008089 0.721447 0.016164 0.088651
0.000010 0.000010 0.000010 0.937820 0.062130 0.000010 0.000010
0.999940 0.000010 0.000010 0.000010 0.000010 0.000010 0.000010
0.000010 0.000010 0.999940 0.000010 0.000010 0.000010 0.000010
0.428429 0.417217 0.000010 0.032856 0.121467 0.000010 0.000010
0.723896 0.202021 0.000010 0.000010 0.074043 0.000010 0.000010
0.854199 0.126174 0.000010 0.000010 0.019587 0.000010 0.000010
0.425216 0.000010 0.000010 0.000010 0.000010 0.574734 0.000010
0.509207 0.490743 0.000010 0.000010 0.000010 0.000010 0.000010
0.554581 0.049305 0.041499 0.096989 0.257606 0.000010 0.000010
0.999940 0.000010 0.000010 0.000010 0.000010 0.000010 0.000010
0.925010 0.074940 0.000010 0.000010 0.000010 0.000010 0.000010
0.000010 0.999940 0.000010 0.000010 0.000010 0.000010 0.000010
0.000020 0.000010 0.000010 0.999930 0.000010 0.000010 0.000010
0.000010 0.000010 0.000010 0.000010 0.000010 0.000010 0.999940
0.516273 0.000010 0.000010 0.000010 0.086580 0.195639 0.201478
0.000010 0.000010 0.000010 0.000010 0.000010 0.000010 0.999940
0.238476 0.000010 0.000010 0.222691 0.538793 0.000010 0.000010
0.388750 0.000010 0.000010 0.611200 0.000010 0.000010 0.000010
0.939216 0.000010 0.000010 0.020481 0.040263 0.000010 0.000010
0.580104 0.373830 0.000010 0.013939 0.000010 0.032098 0.000010
0.235261 0.000010 0.000010 0.000010 0.362696 0.402003 0.000010
0.877221 0.094394 0.000014 0.000010 0.028341 0.000010 0.000010
0.000010 0.999940 0.000010 0.000010 0.000010 0.000010 0.000010
0.000010 0.000010 0.122756 0.000010 0.000010 0.000010 0.877194
0.086158 0.030356 0.000010 0.835187 0.005245 0.043035 0.000010
0.905055 0.004735 0.000010 0.000010 0.000010 0.090170 0.000010
0.000010 0.000010 0.000010 0.218787 0.781163 0.000010 0.000010
0.585731 0.000010 0.000010 0.229121 0.185108 0.000010 0.000010
0.488119 0.000010 0.000010 0.043171 0.173743 0.098479 0.196468
0.000010 0.000016 0.000010 0.000010 0.000010 0.000010 0.999934
0.060326 0.034693 0.097011 0.028590 0.112626 0.000010 0.666744
0.398115 0.000010 0.000011 0.601833 0.000010 0.000010 0.000010
0.211959 0.050187 0.000010 0.010241 0.222108 0.505485 0.000010
0.656073 0.145294 0.000010 0.002952 0.195650 0.000010 0.000010
0.570645 0.000010 0.000010 0.066851 0.362464 0.000010 0.000010
0.287615 0.355515 0.000010 0.000010 0.000010 0.139008 0.217832
0.000010 0.999940 0.000010 0.000010 0.000010 0.000010 0.000010
0.260137 0.161618 0.000010 0.220602 0.357610 0.000012 0.000010
0.096926 0.903024 0.000010 0.000010 0.000010 0.000010 0.000010
0.000010 0.000010 0.000010 0.327154 0.296307 0.376498 0.000010
0.475852 0.000010 0.000010 0.038816 0.000010 0.485293 0.000010
0.475446 0.034959 0.000010 0.150236 0.339328 0.000011 0.000010
0.221546 0.000010 0.000010 0.063060 0.000010 0.715354 0.000010
0.999940 0.000010 0.000010 0.000010 0.000010 0.000010 0.000010
0.000010 0.000010 0.000010 0.999940 0.000010 0.000010 0.000010
0.000010 0.000010 0.000010 0.000010 0.999940 0.000010 0.000010
0.000010 0.000010 0.000010 0.000010 0.000010 0.264897 0.735053
0.000010 0.000010 0.999940 0.000010 0.000010 0.000010 0.000010
0.492664 0.507286 0.000010 0.000010 0.000010 0.000010 0.000010
0.000010 0.000010 0.000010 0.999940 0.000010 0.000010 0.000010
0.000010 0.000010 0.000010 0.000010 0.000010 0.000010 0.999940
0.000010 0.000010 0.999940 0.000010 0.000010 0.000010 0.000010
0.279820 0.000010 0.000010 0.000010 0.000010 0.720130 0.000010
0.000010 0.000010 0.000010 0.142767 0.857183 0.000010 0.000010
0.000010 0.052371 0.947579 0.000010 0.000010 0.000010 0.000010
0.047945 0.214684 0.000010 0.000010 0.000010 0.737331 0.000010
0.366215 0.000010 0.000010 0.249027 0.384718 0.000010 0.000010
0.548876 0.451074 0.000010 0.000010 0.000010 0.000010 0.000010
0.000010 0.000010 0.000010 0.096890 0.903060 0.000010 0.000010
0.078559 0.000010 0.000010 0.775170 0.146230 0.000010 0.000010
0.000010 0.000010 0.000010 0.000010 0.999940 0.000010 0.000010
0.077778 0.316138 0.000010 0.008531 0.314380 0.283152 0.000010
0.000010 0.000010 0.000010 0.000010 0.999940 0.000010 0.000010
0.564788 0.000010 0.000010 0.110256 0.324915 0.000010 0.000010
0.000010 0.000010 0.000010 0.999940 0.000010 0.000010 0.000010
0.468637 0.000010 0.000010 0.000010 0.133833 0.243641 0.153859
0.145518 0.579601 0.000010 0.274841 0.000010 0.000010 0.000010
0.080278 0.170349 0.000010 0.058034 0.513750 0.000010 0.177569
0.999940 0.000010 0.000010 0.000010 0.000010 0.000010 0.000010
0.470255 0.000010 0.000010 0.360331 0.169374 0.000010 0.000010
0.826929 0.078115 0.000010 0.043049 0.000010 0.014547 0.037340
0.000010 0.000010 0.000010 0.999940 0.000010 0.000010 0.000010
0.000010 0.000010 0.000010 0.000010 0.000010 0.000010 0.999940
0.000010 0.000010 0.000010 0.168640 0.831310 0.000010 0.000010
0.757846 0.242104 0.000010 0.000010 0.000010 0.000010 0.000010
0.809151 0.000010 0.000010 0.000010 0.190799 0.000010 0.000010
0.000010 0.000010 0.000010 0.612641 0.387309 0.000010 0.000010
0.479613 0.000010 0.000010 0.000010 0.510847 0.000010 0.009500
0.000010 0.000010 0.000010 0.000010 0.000010 0.000010 0.999940
0.090126 0.058578 0.000010 0.606236 0.245025 0.000015 0.000010
0.028880 0.000010 0.000010 0.000010 0.971070 0.000010 0.000010
0.565985 0.273265 0.000010 0.000010 0.160709 0.000010 0.000010
0.000010 0.000010 0.000010 0.000010 0.000010 0.999940 0.000010
0.205717 0.794233 0.000010 0.000010 0.000010 0.000010 0.000010
0.000010 0.000010 0.000010 0.065624 0.934326 0.000010 0.000010
0.820254 0.000010 0.000010 0.000010 0.179696 0.000010 0.000010
0.000010 0.000010 0.000010 0.000010 0.000010 0.294586 0.705364
0.000010 0.000010 0.000010 0.999940 0.000010 0.000010 0.000010
0.000010 0.000010 0.000010 0.335728 0.664222 0.000010 0.000010
0.000010 0.000010 0.034059 0.000010 0.000010 0.266052 0.699850
0.220681 0.071390 0.000010 0.000017 0.707883 0.000010 0.000010
0.000010 0.000010 0.000010 0.000010 0.000010 0.999940 0.000010
0.000010 0.000010 0.157968 0.000010 0.000010 0.420997 0.420995
0.000010 0.000010 0.000010 0.000010 0.999940 0.000010 0.000010
0.000010 0.000010 0.999940 0.000010 0.000010 0.000010 0.000010
0.999940 0.000010 0.000010 0.000010 0.000010 0.000010 0.000010
0.521287 0.000010 0.000010 0.000010 0.478663 0.000010 0.000010
0.267438 0.000010 0.000010 0.000010 0.000010 0.732512 0.000010
0.000010 0.125765 0.000010 0.849290 0.024905 0.000010 0.000010
0.000010 0.000010 0.000010 0.184336 0.815614 0.000010 0.000010
0.997003 0.002947 0.000010 0.000010 0.000010 0.000010 0.000010
0.000010 0.000010 0.000010 0.368920 0.628191 0.000010 0.002848
0.441169 0.222271 0.000010 0.000013 0.336517 0.000010 0.000010
0.176127 0.665425 0.000010 0.020135 0.096751 0.000010 0.041542
0.000010 0.000010 0.000010 0.000010 0.000010 0.999940 0.000010
0.284978 0.000010 0.000010 0.090122 0.022552 0.406976 0.195352
0.000010 0.000010 0.000010 0.000010 0.000010 0.999940 0.000010
0.338002 0.078563 0.000010 0.425382 0.158023 0.000010 0.000010
0.000010 0.000010 0.000010 0.155479 0.844471 0.000010 0.000010
0.000010 0.000018 0.000010 0.000010 0.008555 0.000010 0.991387
0.000010 0.000010 0.000010 0.000010 0.140947 0.000010 0.859003
0.616798 0.206812 0.000010 0.000010 0.003283 0.000010 0.173078
0.881568 0.118370 0.000014 0.000010 0.000018 0.000010 0.000010
0.689782 0.310168 0.000010 0.000010 0.000010 0.000010 0.000010
0.127604 0.000010 0.000010 0.808820 0.063537 0.000010 0.000010
0.680073 0.016885 0.000010 0.008088 0.294923 0.000010 0.000010
0.000019 0.000010 0.000010 0.562558 0.437383 0.000010 0.000010
0.252211 0.035302 0.000010 0.032767 0.069266 0.610434 0.000010
0.000010 0.000010 0.000010 0.999938 0.000012 0.000010 0.000010
0.556369 0.274963 0.000010 0.000010 0.000010 0.000010 0.168629
0.339376 0.028747 0.000010 0.000010 0.029611 0.602236 0.000010
0.999940 0.000010 0.000010 0.000010 0.000010 0.000010 0.000010
0.365478 0.000010 0.000010 0.000010 0.072003 0.313650 0.248839
0.696925 0.183423 0.000010 0.055672 0.063950 0.000010 0.000010
0.111066 0.000010 0.000010 0.000010 0.000010 0.888884 0.000010
0.000010 0.999940 0.000010 0.000010 0.000010 0.000010 0.000010
0.891611 0.108336 0.000010 0.000010 0.000014 0.000010 0.000010
0.523515 0.129457 0.000010 0.000010 0.000010 0.346988 0.000010
0.000010 0.000010 0.000010 0.354708 0.047278 0.597973 0.000010
0.420805 0.198794 0.000010 0.000010 0.009041 0.027239 0.344100
0.879533 0.120411 0.000016 0.000010 0.000010 0.000010 0.000010
0.000010 0.000010 0.000010 0.000010 0.000010 0.097599 0.902351
0.224982 0.666669 0.000010 0.108310 0.000010 0.000010 0.000010
0.552125 0.000010 0.000010 0.099970 0.273433 0.074442 0.000010
0.270402 0.034845 0.000010 0.000010 0.109618 0.585105 0.000010
0.714269 0.276472 0.000010 0.000010 0.000010 0.000010 0.009218
0.000010 0.000010 0.999940 0.000010 0.000010 0.000010 0.000010
0.252107 0.078313 0.000010 0.000010 0.000010 0.564954 0.104596
0.000010 0.000010 0.000010 0.026241 0.000010 0.100493 0.873226
0.000010 0.000010 0.999935 0.000015 0.000010 0.000010 0.000010
0.000010 0.000010 0.000010 0.999935 0.000015 0.000010 0.000010
0.000010 0.000010 0.999937 0.000010 0.000013 0.000010 0.000010
0.000010 0.000010 0.999940 0.000010 0.000010 0.000010 0.000010
0.000010 0.000010 0.000010 0.000010 0.000010 0.929622 0.070328
0.705835 0.051132 0.000010 0.000010 0.000010 0.242993 0.000010
0.695011 0.161593 0.056430 0.056902 0.000010 0.000010 0.030044
0.000010 0.000010 0.999940 0.000010 0.000010 0.000010 0.000010
0.228707 0.000010 0.000010 0.018206 0.000010 0.753047 0.000010
0.837694 0.060285 0.000010 0.013460 0.088531 0.000010 0.000010
0.055608 0.000010 0.000010 0.944342 0.000010 0.000010 0.000010
0.645997 0.092376 0.000010 0.000011 0.261586 0.000010 0.000010
0.519750 0.000010 0.000010 0.022899 0.000010 0.457311 0.000010
0.514035 0.027797 0.000010 0.000010 0.213429 0.169248 0.075472
0.355826 0.000010 0.000010 0.129615 0.514520 0.000010 0.000010
0.197478 0.000010 0.000010 0.000010 0.000010 0.802472 0.000010
0.000010 0.999940 0.000010 0.000010 0.000010 0.000010 0.000010
0.000010 0.000010 0.000010 0.999940 0.000010 0.000010 0.000010
0.000010 0.000010 0.000010 0.000010 0.000010 0.999940 0.000010
0.063146 0.533185 0.000010 0.213915 0.121421 0.000010 0.068313
0.000010 0.000010 0.000010 0.000010 0.000010 0.763118 0.236832
0.463107 0.000010 0.000010 0.000010 0.536843 0.000010 0.000010
0.069949 0.000010 0.000010 0.000015 0.000010 0.929995 0.000010
0.000010 0.000010 0.000010 0.000010 0.999940 0.000010 0.000010
0.983511 0.000010 0.000010 0.000010 0.016439 0.000010 0.000010
0.256451 0.000010 0.000010 0.000010 0.000010 0.743499 0.000010
0.390122 0.000010 0.000010 0.000010 0.609828 0.000010 0.000010
0.404574 0.000010 0.000010 0.496704 0.000010 0.098682 0.000010
0.000010 0.000010 0.000010 0.008351 0.000010 0.000010 0.991599
0.468773 0.513630 0.000010 0.000010 0.017558 0.000010 0.000010
0.347534 0.000010 0.000010 0.652416 0.000010 0.000010 0.000010
0.046071 0.533805 0.000010 0.161432 0.258662 0.000010 0.000010
0.861251 0.000010 0.000010 0.077114 0.061596 0.000010 0.000010
0.682334 0.317616 0.000010 0.000010 0.000010 0.000010 0.000010
0.000010 0.000010 0.000013 0.000010 0.000010 0.000010 0.999937
0.485853 0.000010 0.000010 0.514092 0.000014 0.000010 0.000010
0.000018 0.000010 0.000010 0.709282 0.290660 0.000010 0.000010
0.720159 0.279791 0.000010 0.000010 0.000010 0.000010 0.000010
0.194268 0.805682 0.000010 0.000010 0.000010 0.000010 0.000010
0.476155 0.048023 0.000010 0.026284 0.248643 0.200874 0.000010
0.265195 0.000010 0.000010 0.369087 0.365678 0.000010 0.000010
0.000010 0.000010 0.000010 0.700801 0.299149 0.000010 0.000010
0.000010 0.000010 0.999940 0.000010 0.000010 0.000010 0.000010
0.999935 0.000010 0.000010 0.000015 0.000010 0.000010 0.000010
0.000010 0.000010 0.000010 0.389828 0.610122 0.000010 0.000010
0.000010 0.030525 0.000010 0.169284 0.161814 0.114750 0.523606
0.094162 0.000010 0.000010 0.023907 0.881891 0.000010 0.000010
0.973754 0.000010 0.000010 0.000010 0.026196 0.000010 0.000010
0.000010 0.000010 0.000010 0.000014 0.000010 0.225760 0.774185
0.000010 0.000010 0.000010 0.192373 0.807577 0.000010 0.000010
0.905789 0.094161 0.000010 0.000010 0.000010 0.000010 0.000010
0.211137 0.074914 0.000010 0.713909 0.000010 0.000010 0.000010
0.000010 0.999940 0.000010 0.000010 0.000010 0.000010 0.000010
0.327735 0.000010 0.000010 0.000010 0.672215 0.000010 0.000010
0.775911 0.000010 0.000010 0.053748 0.000010 0.170301 0.000010
0.733853 0.266097 0.000010 0.000010 0.000010 0.000010 0.000010
0.041687 0.000010 0.000010 0.958263 0.000010 0.000010 0.000010
0.046904 0.000010 0.000010 0.514277 0.438778 0.000010 0.000010
0.000010 0.741240 0.000010 0.092074 0.166646 0.000010 0.000010
0.000010 0.000010 0.000010 0.000010 0.000010 0.901046 0.098904
0.302519 0.000010 0.000010 0.000010 0.697431 0.000010 0.000010
0.110135 0.000010 0.000010 0.036853 0.000010 0.852972 0.000010
0.321823 0.000010 0.000010 0.000010 0.678126 0.000010 0.000010
0.122216 0.877734 0.000010 0.000010 0.000010 0.000010 0.000010
0.204596 0.000010 0.000010 0.000010 0.000010 0.795354 0.000010
0.000010 0.000010 0.000010 0.000010 0.043676 0.000010 0.956274
0.770307 0.017188 0.000010 0.000014 0.212461 0.000010 0.000010
0.000010 0.000010 0.000010 0.280307 0.000010 0.175498 0.544155
0.059430 0.120304 0.000010 0.489782 0.330454 0.000010 0.000010
0.999932 0.000010 0.000010 0.000010 0.000010 0.000018 0.000010
0.396621 0.009499 0.000010 0.477004 0.116845 0.000010 0.000010
0.555350 0.000010 0.000010 0.000010 0.444600 0.000010 0.000010
0.000010 0.000010 0.000010 0.924852 0.075098 0.000010 0.000010
0.269238 0.000010 0.000010 0.207848 0.078654 0.444230 0.000010
0.780388 0.000010 0.000010 0.000010 0.219562 0.000010 0.000010
0.000010 0.000010 0.999940 0.000010 0.000010 0.000010 0.000010
0.000010 0.000010 0.000010 0.999940 0.000010 0.000010 0.000010
0.288790 0.000010 0.000010 0.711160 0.000010 0.000010 0.000010
0.000016 0.000010 0.000010 0.000010 0.000010 0.455782 0.544163
0.615815 0.000010 0.000010 0.377113 0.000010 0.007032 0.000010
0.981952 0.017998 0.000010 0.000010 0.000010 0.000010 0.000010
0.000010 0.000010 0.999940 0.000010 0.000010 0.000010 0.000010
0.459114 0.000010 0.000010 0.361252 0.179594 0.000010 0.000010
0.000010 0.000010 0.000010 0.000010 0.999940 0.000010 0.000010
0.219821 0.646464 0.000010 0.000010 0.133675 0.000010 0.000010
0.572006 0.427944 0.000010 0.000010 0.000010 0.000010 0.000010
0.000010 0.000010 0.000010 0.000010 0.999940 0.000010 0.000010
0.663544 0.336400 0.000010 0.000017 0.000010 0.000010 0.000010
0.511749 0.093571 0.000010 0.000010 0.394640 0.000010 0.000010
0.330557 0.000010 0.000010 0.193638 0.000010 0.475765 0.000010
0.000010 0.000010 0.000010 0.999940 0.000010 0.000010 0.000010
0.000010 0.075757 0.841681 0.000010 0.000010 0.000010 0.082521
0.440250 0.170738 0.000010 0.000955 0.388028 0.000010 0.000010
0.768966 0.000010 0.000010 0.000010 0.230984 0.000010 0.000010
0.847222 0.000010 0.000010 0.000010 0.000010 0.152728 0.000010
0.000010 0.913893 0.000010 0.000010 0.086057 0.000010 0.000010
0.000010 0.000010 0.999935 0.000010 0.000015 0.000010 0.000010
0.356598 0.313195 0.000010 0.241141 0.000010 0.089036 0.000010
0.567045 0.000018 0.000010 0.137317 0.295590 0.000010 0.000010
0.434025 0.046060 0.000010 0.040665 0.479220 0.000010 0.000010
0.610037 0.389913 0.000010 0.000010 0.000010 0.000010 0.000010
0.320978 0.607076 0.000010 0.000010 0.071906 0.000010 0.000010
0.247057 0.173707 0.000010 0.176489 0.357219 0.000010 0.045509
0.000010 0.000010 0.000010 0.942176 0.057774 0.000010 0.000010
0.144248 0.000010 0.000010 0.079612 0.776101 0.000010 0.000010
0.000010 0.000010 0.000010 0.000010 0.000010 0.146900 0.853050
0.000010 0.000010 0.999940 0.000010 0.000010 0.000010 0.000010
0.312880 0.460660 0.000010 0.000010 0.226420 0.000010 0.000010
0.000010 0.848056 0.000010 0.000010 0.151894 0.000010 0.000010
0.000010 0.000010 0.000010 0.000010 0.000010 0.080164 0.919786
0.035118 0.000010 0.000010 0.964832 0.000010 0.000010 0.000010
0.554903 0.018836 0.000010 0.081805 0.344426 0.000010 0.000010
0.000010 0.000010 0.000010 0.577116 0.422834 0.000010 0.000010
0.000010 0.000010 0.000010 0.000010 0.000010 0.999940 0.000010
0.000010 0.085674 0.000010 0.000010 0.000010 0.043852 0.870434
0.000010 0.000010 0.000010 0.000010 0.000010 0.864943 0.135007
0.032178 0.000010 0.000010 0.000010 0.000010 0.967772 0.000010
0.000010 0.000010 0.000010 0.000010 0.999940 0.000010 0.000010
0.000010 0.698823 0.081853 0.107482 0.085145 0.000010 0.026676
0.999940 0.000010 0.000010 0.000010 0.000010 0.000010 0.000010
0.776190 0.000010 0.000010 0.166783 0.056987 0.000010 0.000010
0.244292 0.216856 0.000010 0.042488 0.092504 0.403840 0.000010
0.909747 0.000010 0.000010 0.000010 0.000010 0.090203 0.000010
0.000014 0.000010 0.999925 0.000013 0.000018 0.000010 0.000010
0.000010 0.087877 0.000010 0.000010 0.000010 0.824313 0.087770
0.498089 0.000010 0.000010 0.437945 0.063926 0.000010 0.000010
0.328820 0.000010 0.000010 0.034423 0.000010 0.000010 0.636716
0.000010 0.000010 0.932825 0.000010 0.000010 0.067125 0.000010
0.000010 0.000010 0.999940 0.000010 0.000010 0.000010 0.000010
0.917391 0.048801 0.000010 0.000010 0.000010 0.000010 0.033768
0.621920 0.284007 0.000010 0.000010 0.027591 0.025877 0.040586
0.554385 0.000010 0.000010 0.000010 0.360555 0.085020 0.000010
0.384702 0.000010 0.000010 0.000010 0.615248 0.000010 0.000010
0.000010 0.079812 0.000010 0.000010 0.009376 0.000010 0.910772
0.908187 0.091763 0.000010 0.000010 0.000010 0.000010 0.000010
0.186235 0.000010 0.000010 0.437898 0.375827 0.000010 0.000010
0.000010 0.000010 0.000014 0.850536 0.149410 0.000010 0.000010
0.775905 0.016320 0.000010 0.000010 0.207735 0.000010 0.000010
0.000010 0.000010 0.000010 0.000010 0.000010 0.476063 0.523887
0.542084 0.318887 0.000010 0.000010 0.083745 0.000010 0.055255
0.201899 0.000010 0.000010 0.000010 0.000010 0.798051 0.000010
0.596951 0.313658 0.000010 0.000010 0.089351 0.000010 0.000010
0.031469 0.758995 0.000010 0.080325 0.129180 0.000010 0.000010
0.772426 0.122012 0.000010 0.062004 0.001196 0.042341 0.000010
0.078900 0.621777 0.000010 0.000010 0.299284 0.000010 0.000010
0.614007 0.294642 0.000010 0.006212 0.000010 0.000010 0.085108
0.144863 0.855087 0.000010 0.000010 0.000010 0.000010 0.000010
0.000010 0.000010 0.000010 0.000020 0.000010 0.187386 0.812554
0.000010 0.000010 0.000010 0.000010 0.000010 0.000010 0.999940
0.672661 0.044648 0.000019 0.282642 0.000010 0.000010 0.000010
0.000010 0.000010 0.000010 0.000010 0.000010 0.999940 0.000010
0.000010 0.808997 0.000010 0.000010 0.190953 0.000010 0.000010
0.999940 0.000010 0.000010 0.000010 0.000010 0.000010 0.000010
0.804267 0.095645 0.000010 0.000012 0.000010 0.000010 0.100046
0.158146 0.380099 0.000010 0.000073 0.461653 0.000010 0.000010
0.513004 0.486943 0.000010 0.000010 0.000010 0.000013 0.000010
0.354859 0.000010 0.000010 0.000010 0.000010 0.645091 0.000010
0.750070 0.000010 0.000010 0.034995 0.076872 0.138034 0.000010
0.000010 0.000010 0.999940 0.000010 0.000010 0.000010 0.000010
0.000010 0.000010 0.000010 0.000010 0.000010 0.999940 0.000010
0.000010 0.000015 0.000010 0.999929 0.000010 0.000015 0.000010
0.999939 0.000010 0.000010 0.000010 0.000010 0.000011 0.000010
0.901027 0.098923 0.000010 0.000010 0.000010 0.000010 0.000010
0.000010 0.768846 0.000010 0.000010 0.231104 0.000010 0.000010
0.702866 0.000010 0.000010 0.051518 0.245576 0.000010 0.000010
0.000010 0.639629 0.000010 0.043150 0.317181 0.000010 0.000010
