0.000012 0.529913 0.000010 0.470045 0.000010 0.000010
0.377757 0.000010 0.000010 0.622203 0.000010 0.000010
0.104894 0.029369 0.000010 0.860508 0.000010 0.005210
0.944374 0.004989 0.000010 0.000010 0.000010 0.050607
0.000016 0.999944 0.000010 0.000010 0.000010 0.000010
0.000010 0.198179 0.000010 0.769120 0.000010 0.032671
0.387379 0.000010 0.000010 0.612581 0.000010 0.000010
0.999950 0.000010 0.000010 0.000010 0.000010 0.000010
0.000010 0.000010 0.000010 0.814420 0.000010 0.185540
0.000010 0.000010 0.000010 0.999950 0.000010 0.000010
0.000010 0.000010 0.000010 0.999950 0.000010 0.000010
0.669211 0.000011 0.000011 0.000010 0.000010 0.330748
0.171099 0.000010 0.000016 0.575466 0.000010 0.253399
0.139947 0.000011 0.000010 0.532603 0.000010 0.327419
0.772243 0.000015 0.000010 0.000010 0.000010 0.227712
0.618222 0.000010 0.000010 0.000010 0.000010 0.381738
0.606846 0.000010 0.000010 0.276333 0.000010 0.116791
0.845239 0.000010 0.000010 0.000010 0.000010 0.154721
0.000010 0.000010 0.000012 0.352275 0.000010 0.647683
0.000010 0.473512 0.000010 0.289603 0.000010 0.236855
0.000010 0.000010 0.000010 0.000010 0.000010 0.999950
0.000010 0.075473 0.000010 0.743307 0.000010 0.181190
0.000010 0.000010 0.000010 0.567114 0.000010 0.432846
0.757951 0.000010 0.000016 0.242003 0.000010 0.000010
0.689171 0.089445 0.000011 0.161246 0.000010 0.060118
0.999950 0.000010 0.000010 0.000010 0.000010 0.000010
0.000010 0.000010 0.000010 0.999950 0.000010 0.000010
0.000010 0.000010 0.999950 0.000010 0.000010 0.000010
0.098282 0.000010 0.000012 0.373857 0.000010 0.527829
0.000010 0.000010 0.000010 0.611816 0.000010 0.388144
0.000010 0.000010 0.000014 0.745271 0.000010 0.254685
0.000013 0.000013 0.000010 0.999944 0.000010 0.000010
0.000010 0.000010 0.000010 0.427651 0.000010 0.572309
0.279558 0.000010 0.000010 0.498543 0.038213 0.183666
0.000010 0.000010 0.000010 0.999950 0.000010 0.000010
0.000010 0.000010 0.000010 0.898698 0.000010 0.101262
0.000010 0.000010 0.000010 0.000010 0.000010 0.999950
0.999950 0.000010 0.000010 0.000010 0.000010 0.000010
0.000018 0.999942 0.000010 0.000010 0.000010 0.000010
0.082564 0.243905 0.000010 0.666449 0.000010 0.007062
0.000010 0.999950 0.000010 0.000010 0.000010 0.000010
0.761455 0.000010 0.000010 0.238505 0.000010 0.000010
0.448044 0.000010 0.000010 0.551916 0.000010 0.000010
0.075009 0.000012 0.000010 0.924949 0.000010 0.000010
0.000010 0.000010 0.000010 0.563684 0.000010 0.436276
0.386335 0.000010 0.000010 0.613625 0.000010 0.000010
0.000010 0.000010 0.000010 0.777294 0.000010 0.222666
0.000010 0.000010 0.000010 0.000010 0.000010 0.999950
0.032990 0.817769 0.149210 0.000010 0.000010 0.000010
0.758246 0.000010 0.000010 0.241714 0.000010 0.000010
0.000010 0.000010 0.000010 0.937547 0.000010 0.062413
0.926009 0.000016 0.000010 0.000010 0.000010 0.073945
0.413054 0.000010 0.000010 0.586906 0.000010 0.000010
0.210087 0.200801 0.000010 0.589082 0.000010 0.000010
0.058825 0.936675 0.000010 0.000010 0.000010 0.004470
0.152545 0.585226 0.014049 0.001880 0.102285 0.144015
0.393922 0.000010 0.000010 0.606036 0.000012 0.000010
0.152412 0.000010 0.000010 0.702809 0.000010 0.144748
0.105145 0.000010 0.000010 0.588240 0.000010 0.306585
0.400276 0.000010 0.000010 0.491584 0.000010 0.108110
0.000010 0.245312 0.000010 0.378779 0.000010 0.375879
0.000010 0.000010 0.000010 0.000010 0.000010 0.999950
0.526004 0.000010 0.000010 0.307684 0.000010 0.166282
0.000010 0.000010 0.000010 0.120160 0.000010 0.879800
0.524188 0.000010 0.000010 0.475772 0.000010 0.000010
0.017897 0.045297 0.000010 0.936776 0.000010 0.000010
0.496072 0.000010 0.000010 0.461003 0.000010 0.042895
0.000010 0.240076 0.000010 0.759884 0.000010 0.000010
0.000010 0.000010 0.000010 0.950540 0.000010 0.049420
0.999950 0.000010 0.000010 0.000010 0.000010 0.000010
0.808412 0.000010 0.000012 0.000010 0.000010 0.191546
0.000010 0.929511 0.000010 0.042685 0.000010 0.027774
0.000010 0.000010 0.999942 0.000010 0.000018 0.000010
0.000011 0.000010 0.000017 0.460377 0.000010 0.539576
0.799350 0.000010 0.000010 0.200610 0.000010 0.000010
0.000015 0.999945 0.000011 0.000010 0.000010 0.000010
0.000010 0.000010 0.000010 0.000010 0.999950 0.000010
0.000010 0.000010 0.000010 0.999950 0.000010 0.000010
0.740282 0.000010 0.000011 0.000010 0.000010 0.259677
0.000010 0.000010 0.321770 0.000010 0.612300 0.065900
0.000010 0.318649 0.000010 0.557493 0.000010 0.123827
0.634092 0.000010 0.000010 0.365868 0.000010 0.000010
0.000010 0.000012 0.000011 0.547099 0.000010 0.452858
0.999950 0.000010 0.000010 0.000010 0.000010 0.000010
0.818856 0.000010 0.000010 0.181104 0.000010 0.000010
0.813061 0.000010 0.000010 0.000010 0.000010 0.186899
0.202253 0.033671 0.000010 0.361753 0.000010 0.402302
0.816528 0.000010 0.000010 0.000010 0.000010 0.183432
0.439587 0.000010 0.000010 0.560373 0.000010 0.000010
0.668381 0.000010 0.000010 0.331579 0.000010 0.000010
0.086995 0.260012 0.000010 0.599491 0.000010 0.053482
0.263509 0.000010 0.000010 0.140622 0.000010 0.595839
0.449214 0.143300 0.000010 0.000010 0.000010 0.407456
0.000010 0.000010 0.000010 0.999950 0.000010 0.000010
0.500567 0.000010 0.000010 0.499393 0.000010 0.000010
0.018328 0.006195 0.011397 0.886439 0.000010 0.077631
0.920074 0.000010 0.000010 0.079886 0.000010 0.000010
0.000010 0.933387 0.066573 0.000010 0.000010 0.000010
0.954983 0.000010 0.000010 0.044977 0.000010 0.000010
0.000010 0.000010 0.000010 0.690530 0.000010 0.309430
0.224080 0.000010 0.000010 0.775880 0.000010 0.000010
0.999950 0.000010 0.000010 0.000010 0.000010 0.000010
0.480916 0.000010 0.000010 0.406092 0.000010 0.112962
0.000015 0.999945 0.000010 0.000010 0.000010 0.000010
0.787133 0.000010 0.000010 0.120531 0.000010 0.092307
0.727061 0.000010 0.000010 0.000010 0.000010 0.272899
0.000010 0.000010 0.000010 0.567618 0.000010 0.432342
0.000011 0.000010 0.000010 0.999949 0.000010 0.000010
0.000010 0.000010 0.000010 0.212864 0.000010 0.787096
0.997244 0.000010 0.000010 0.000010 0.000010 0.002716
0.222159 0.000010 0.000010 0.777801 0.000010 0.000010
0.000010 0.999949 0.000011 0.000010 0.000010 0.000010
0.842015 0.000010 0.000010 0.157945 0.000010 0.000010
0.999950 0.000010 0.000010 0.000010 0.000010 0.000010
0.000010 0.953800 0.000010 0.000010 0.046160 0.000010
0.618900 0.000010 0.000010 0.142847 0.000010 0.238223
0.000010 0.302252 0.000010 0.697708 0.000010 0.000010
0.000010 0.711024 0.000010 0.140492 0.148454 0.000010
0.999950 0.000010 0.000010 0.000010 0.000010 0.000010
0.000010 0.000010 0.000010 0.000010 0.999950 0.000010
0.000010 0.000010 0.000010 0.969644 0.000010 0.030316
0.524030 0.000010 0.000010 0.475930 0.000010 0.000010
0.000010 0.000010 0.000010 0.999950 0.000010 0.000010
0.893734 0.000010 0.000010 0.000010 0.000010 0.106226
0.847239 0.000012 0.000010 0.000010 0.000010 0.152718
0.000010 0.000010 0.000010 0.904490 0.000010 0.095470
0.803447 0.000012 0.000011 0.000010 0.000010 0.196510
0.240283 0.000010 0.000010 0.401478 0.000010 0.358209
0.033378 0.032653 0.000010 0.193441 0.000010 0.740509
0.000012 0.321010 0.000010 0.678942 0.000015 0.000010
0.097796 0.353944 0.000010 0.548230 0.000010 0.000010
0.000011 0.227779 0.000010 0.772181 0.000010 0.000010
0.519526 0.000010 0.000010 0.396997 0.000010 0.083447
0.933268 0.000010 0.000010 0.000010 0.000010 0.066692
0.061347 0.938613 0.000010 0.000010 0.000010 0.000010
0.099410 0.771098 0.000010 0.000010 0.000010 0.129462
0.000595 0.158379 0.000010 0.570198 0.000010 0.270808
0.000010 0.000010 0.000010 0.747883 0.000010 0.252077
0.000010 0.000017 0.000010 0.663803 0.000010 0.336151
0.836951 0.000010 0.000010 0.163009 0.000010 0.000010
0.199502 0.000010 0.000010 0.703522 0.000010 0.096946
0.999950 0.000010 0.000010 0.000010 0.000010 0.000010
0.053875 0.089600 0.012758 0.759906 0.000010 0.083852
0.999950 0.000010 0.000010 0.000010 0.000010 0.000010
0.000010 0.155992 0.000010 0.502226 0.000010 0.341752
0.000010 0.296371 0.000010 0.670285 0.000010 0.033314
0.000013 0.000010 0.000010 0.999947 0.000010 0.000010
0.058338 0.319905 0.000010 0.621727 0.000010 0.000010
0.065637 0.000010 0.000010 0.614849 0.000010 0.319484
0.000010 0.160782 0.000010 0.839178 0.000010 0.000010
0.000010 0.000010 0.000010 0.000010 0.000010 0.999950
0.000010 0.000010 0.000010 0.867956 0.000010 0.132004
0.000010 0.000010 0.000010 0.860573 0.000010 0.139387
0.360558 0.000014 0.000010 0.639398 0.000010 0.000010
0.000010 0.340250 0.000010 0.368219 0.000010 0.291501
0.000010 0.000010 0.000010 0.744449 0.000010 0.255511
0.000010 0.999950 0.000010 0.000010 0.000010 0.000010
0.061072 0.000010 0.000010 0.253238 0.000010 0.685660
0.386230 0.000010 0.000010 0.613730 0.000010 0.000010
0.000010 0.292454 0.000010 0.611510 0.000010 0.096006
0.000010 0.000010 0.000010 0.647255 0.000010 0.352705
0.000010 0.000010 0.000010 0.000010 0.999950 0.000010
0.000010 0.314272 0.000010 0.639991 0.000010 0.045707
0.062646 0.921126 0.000010 0.016198 0.000010 0.000010
0.000010 0.000010 0.999950 0.000010 0.000010 0.000010
0.999950 0.000010 0.000010 0.000010 0.000010 0.000010
0.000010 0.000010 0.999950 0.000010 0.000010 0.000010
0.000020 0.000010 0.000010 0.000010 0.999940 0.000010
0.000010 0.402809 0.000010 0.597151 0.000010 0.000010
0.000010 0.041771 0.000010 0.887731 0.000010 0.070468
0.000010 0.000010 0.000010 0.627878 0.061631 0.310461
0.000010 0.000010 0.999950 0.000010 0.000010 0.000010
0.000010 0.206361 0.000010 0.793599 0.000010 0.000010
0.065047 0.000010 0.000018 0.783604 0.000010 0.151311
0.639684 0.000010 0.000010 0.360276 0.000010 0.000010
0.169842 0.000011 0.000010 0.601353 0.000010 0.228774
0.014239 0.063518 0.000010 0.922212 0.000010 0.000010
0.147074 0.092605 0.000010 0.682431 0.000010 0.077870
0.630305 0.000010 0.000010 0.318778 0.000010 0.050887
0.000010 0.269350 0.000010 0.730610 0.000010 0.000010
0.000020 0.000010 0.000010 0.000010 0.000010 0.999940
0.999950 0.000010 0.000010 0.000010 0.000010 0.000010
0.000010 0.430944 0.000010 0.569016 0.000010 0.000010
0.298038 0.033113 0.000010 0.075073 0.013644 0.580122
0.000010 0.685663 0.000010 0.314297 0.000010 0.000010
0.548099 0.000010 0.000010 0.451861 0.000010 0.000010
0.000017 0.245891 0.000010 0.754062 0.000010 0.000010
0.794359 0.000010 0.000010 0.000010 0.000010 0.205600
0.000010 0.000010 0.000010 0.961887 0.000010 0.038073
0.000010 0.000010 0.000010 0.999950 0.000010 0.000010
0.644322 0.000010 0.000010 0.355638 0.000010 0.000010
0.353881 0.000010 0.000010 0.646079 0.000010 0.000010
0.024377 0.950951 0.024643 0.000010 0.000010 0.000010
0.000010 0.000014 0.000010 0.431610 0.000010 0.568347
0.500612 0.000010 0.000010 0.499348 0.000010 0.000010
0.342851 0.000010 0.000010 0.026187 0.000010 0.630932
0.150002 0.000010 0.000011 0.846080 0.000010 0.003887
0.000010 0.000012 0.000010 0.623914 0.000010 0.376044
0.000014 0.999946 0.000010 0.000010 0.000010 0.000010
0.360333 0.000010 0.000010 0.639627 0.000010 0.000010
0.999950 0.000010 0.000010 0.000010 0.000010 0.000010
0.000010 0.000010 0.000010 0.686486 0.000010 0.313474
0.000010 0.000011 0.000010 0.174036 0.000010 0.825923
0.205916 0.000010 0.000010 0.661991 0.000010 0.132064
0.719119 0.000010 0.000010 0.280841 0.000010 0.000010
0.999950 0.000010 0.000010 0.000010 0.000010 0.000010
0.000012 0.000010 0.000010 0.000010 0.999948 0.000010
0.000010 0.000010 0.000010 0.999950 0.000010 0.000010
0.999950 0.000010 0.000010 0.000010 0.000010 0.000010
0.310234 0.556323 0.000019 0.022408 0.000010 0.111005
0.726053 0.000010 0.000010 0.045713 0.000010 0.228204
0.017240 0.000010 0.000010 0.982720 0.000010 0.000010
0.000010 0.964056 0.000010 0.027740 0.000010 0.008174
0.991599 0.000010 0.000010 0.000010 0.000010 0.008361
0.000010 0.000010 0.000010 0.868446 0.000010 0.131514
0.648010 0.000010 0.000010 0.294068 0.000010 0.057892
0.000010 0.000010 0.000010 0.000010 0.000010 0.999950
0.585668 0.000010 0.000010 0.253554 0.000010 0.160749
0.000010 0.000010 0.000010 0.999950 0.000010 0.000010
0.000011 0.000010 0.000010 0.714155 0.000010 0.285804
0.801865 0.000010 0.000010 0.198095 0.000010 0.000010
0.941799 0.000010 0.000010 0.058161 0.000010 0.000010
0.219185 0.000010 0.000010 0.000010 0.000010 0.780775
0.000010 0.674384 0.000010 0.325574 0.000012 0.000010
0.729947 0.000010 0.000010 0.270013 0.000010 0.000010
0.000010 0.255674 0.000010 0.744286 0.000010 0.000010
0.706508 0.000013 0.000010 0.248292 0.000010 0.045167
0.000010 0.000010 0.000010 0.081205 0.000010 0.918755
0.000010 0.000010 0.000010 0.999950 0.000010 0.000010
0.035273 0.897180 0.000010 0.000010 0.000010 0.067518
0.140649 0.000010 0.000010 0.678952 0.000010 0.180370
0.323725 0.649565 0.000010 0.026680 0.000010 0.000010
0.759280 0.000011 0.000010 0.116451 0.000010 0.124238
0.000010 0.000010 0.000010 0.999950 0.000010 0.000010
0.545643 0.000010 0.000010 0.385821 0.000010 0.068505
0.514336 0.000010 0.000010 0.485624 0.000010 0.000010
0.934481 0.000010 0.000010 0.065479 0.000010 0.000010
0.255035 0.000010 0.000010 0.744925 0.000010 0.000010
0.147750 0.000010 0.000010 0.723443 0.000010 0.128777
0.000011 0.000010 0.000010 0.000010 0.999949 0.000010
0.810059 0.000011 0.000010 0.189900 0.000010 0.000010
0.603890 0.000010 0.000010 0.396070 0.000010 0.000010
0.000010 0.763664 0.000010 0.236296 0.000010 0.000010
0.327029 0.000010 0.000010 0.672931 0.000010 0.000010
0.000010 0.000010 0.000010 0.922162 0.000010 0.077798
0.000010 0.000010 0.999950 0.000010 0.000010 0.000010
0.538744 0.000010 0.000010 0.461216 0.000010 0.000010
0.768551 0.000010 0.000012 0.000010 0.000010 0.231407
0.000010 0.000010 0.000010 0.221838 0.000010 0.778122
0.000010 0.000018 0.000010 0.532817 0.000010 0.467135
0.836760 0.000011 0.000010 0.000010 0.000010 0.163199
0.000012 0.000010 0.000010 0.659779 0.000010 0.340180
0.218722 0.000010 0.000012 0.423034 0.000010 0.358213
0.078948 0.000010 0.000010 0.921012 0.000010 0.000010
0.800697 0.000010 0.000010 0.199263 0.000010 0.000010
0.000010 0.091051 0.250341 0.000010 0.570616 0.087972
0.291848 0.000010 0.000010 0.365135 0.000010 0.342987
0.273467 0.000010 0.000010 0.726493 0.000010 0.000010
0.000010 0.064501 0.000010 0.935459 0.000010 0.000010
0.000010 0.000010 0.000010 0.000010 0.000010 0.999950
0.000013 0.000010 0.000010 0.000010 0.999947 0.000010
0.169827 0.000010 0.000010 0.489648 0.000010 0.340496
0.398610 0.000010 0.000010 0.543353 0.000010 0.058007
0.548539 0.000010 0.000010 0.354408 0.000010 0.097023
0.000010 0.000010 0.000010 0.538457 0.000010 0.461503
0.000010 0.000010 0.000010 0.296992 0.000010 0.702968
0.455354 0.028799 0.000010 0.194267 0.000010 0.321560
0.999950 0.000010 0.000010 0.000010 0.000010 0.000010
0.916060 0.000010 0.000010 0.083900 0.000010 0.000010
0.000013 0.999947 0.000010 0.000010 0.000010 0.000010
0.000010 0.000010 0.999950 0.000010 0.000010 0.000010
0.014679 0.000010 0.000010 0.332988 0.000010 0.652303
0.076391 0.000010 0.000010 0.000010 0.002452 0.921127
0.000010 0.989814 0.000010 0.010146 0.000010 0.000010
0.628887 0.000010 0.000010 0.371073 0.000010 0.000010
0.412818 0.000010 0.000010 0.550814 0.000010 0.036338
0.999950 0.000010 0.000010 0.000010 0.000010 0.000010
0.000010 0.504918 0.000010 0.495042 0.000010 0.000010
0.000010 0.901756 0.000010 0.000010 0.000010 0.098204
0.000010 0.698762 0.000010 0.301198 0.000010 0.000010
0.000010 0.116619 0.000010 0.883341 0.000010 0.000010
0.999950 0.000010 0.000010 0.000010 0.000010 0.000010
0.190121 0.000013 0.018882 0.000010 0.081668 0.709306
0.000010 0.000010 0.000010 0.999950 0.000010 0.000010
0.221768 0.000010 0.000010 0.778192 0.000010 0.000010
0.045717 0.112715 0.000010 0.577073 0.000010 0.264475
0.000010 0.000010 0.000010 0.999950 0.000010 0.000010
0.000010 0.000010 0.000010 0.000010 0.999950 0.000010
0.000010 0.505359 0.000019 0.469820 0.000010 0.024782
0.419114 0.000010 0.000010 0.580846 0.000010 0.000010
0.049374 0.630439 0.000010 0.281829 0.000010 0.038338
0.000010 0.000010 0.000010 0.000010 0.999950 0.000010
0.000010 0.000010 0.000010 0.000010 0.999950 0.000010
0.000011 0.025860 0.000010 0.919228 0.000010 0.054882
0.000010 0.016079 0.000010 0.602430 0.000010 0.381461
0.315725 0.000010 0.000010 0.626668 0.000010 0.057577
0.660199 0.000010 0.000010 0.339761 0.000010 0.000010
0.009023 0.853371 0.000010 0.000010 0.000010 0.137576
0.000010 0.000011 0.000010 0.902640 0.000010 0.097319
0.789906 0.000010 0.000010 0.210054 0.000010 0.000010
0.999950 0.000010 0.000010 0.000010 0.000010 0.000010
0.138123 0.000010 0.000010 0.683020 0.000010 0.178827
0.000010 0.792528 0.000010 0.207432 0.000010 0.000010
0.000010 0.031234 0.000010 0.506752 0.000010 0.461984
0.000010 0.000010 0.000010 0.999950 0.000010 0.000010
0.080291 0.000010 0.000010 0.534309 0.000010 0.385370
0.169077 0.000010 0.000010 0.052085 0.000010 0.778808
0.057892 0.000010 0.000010 0.801671 0.000010 0.140408
0.099823 0.000010 0.000010 0.040530 0.000010 0.859617
0.000010 0.068645 0.000010 0.607196 0.000010 0.324129
0.000010 0.000010 0.000010 0.110833 0.000010 0.889127
0.000010 0.976073 0.000010 0.023887 0.000010 0.000010
0.000012 0.999946 0.000013 0.000010 0.000010 0.000010
0.217552 0.000010 0.000010 0.736891 0.000010 0.045527
0.000010 0.248133 0.000010 0.751827 0.000010 0.000010
0.122083 0.000010 0.000010 0.000010 0.007656 0.870231
0.000010 0.000010 0.000010 0.986524 0.000010 0.013436
0.000010 0.057029 0.000010 0.742741 0.000010 0.200200
0.353681 0.000010 0.000010 0.085812 0.000010 0.560477
0.000010 0.000010 0.000010 0.496402 0.000010 0.503558
0.000010 0.076158 0.000010 0.923802 0.000010 0.000010
0.132582 0.000010 0.000010 0.867378 0.000010 0.000010
0.000010 0.000010 0.999950 0.000010 0.000010 0.000010
0.000010 0.540457 0.000010 0.459503 0.000010 0.000010
0.999950 0.000010 0.000010 0.000010 0.000010 0.000010
0.000015 0.000010 0.000010 0.999945 0.000010 0.000010
0.000010 0.000010 0.000010 0.745786 0.000010 0.254174
0.017728 0.000010 0.000010 0.000010 0.000010 0.982232
0.296977 0.000010 0.000010 0.674356 0.000010 0.028637
0.263348 0.000010 0.000010 0.000010 0.000010 0.736612
