0.000010 0.000010 0.000010 0.000010 0.000010 0.000010 0.000010 0.064637 0.000010 0.000010 0.000010 0.341425 0.000010 0.593808 0.000010 0.000010
0.000010 0.000010 0.000010 0.000010 0.000010 0.000010 0.000010 0.000010 0.000010 0.000010 0.000010 0.000010 0.000010 0.999850 0.000010 0.000010
0.635299 0.000010 0.000010 0.000010 0.000010 0.000010 0.000010 0.251957 0.000010 0.000010 0.000010 0.000010 0.000010 0.112614 0.000010 0.000010
0.000010 0.000010 0.000010 0.000010 0.000010 0.000010 0.000010 0.000010 0.000010 0.000010 0.000013 0.999847 0.000010 0.000010 0.000010 0.000010
0.000010 0.000010 0.000010 0.000010 0.000010 0.000010 0.000010 0.000010 0.000010 0.000010 0.000010 0.000010 0.000010 0.999850 0.000010 0.000010
0.000010 0.000010 0.000010 0.000010 0.000010 0.000010 0.000010 0.000010 0.000010 0.000010 0.000010 0.000010 0.000010 0.189162 0.000010 0.810698
0.000010 0.295572 0.000010 0.000010 0.000010 0.000010 0.000010 0.152574 0.000010 0.000010 0.000010 0.000010 0.000010 0.551723 0.000010 0.000010
0.000010 0.000010 0.000010 0.000010 0.000010 0.253022 0.000010 0.000010 0.000010 0.000010 0.000010 0.000010 0.000010 0.201426 0.000010 0.545422
0.000010 0.000010 0.000010 0.000010 0.000010 0.000010 0.000010 0.000010 0.000010 0.999850 0.000010 0.000010 0.000010 0.000010 0.000010 0.000010
0.000010 0.000010 0.000010 0.000010 0.000010 0.000010 0.000010 0.000010 0.000010 0.000010 0.000010 0.000010 0.000010 0.000010 0.000010 0.999850
0.000010 0.000010 0.000010 0.000010 0.000010 0.000010 0.000010 0.000010 0.000010 0.000013 0.000010 0.000010 0.000010 0.000010 0.000010 0.999847
0.000010 0.000010 0.000010 0.000010 0.000010 0.000010 0.000010 0.000010 0.000010 0.000010 0.348514 0.651346 0.000010 0.000010 0.000010 0.000010
0.000010 0.000010 0.000010 0.000010 0.000010 0.665180 0.000010 0.334680 0.000010 0.000010 0.000010 0.000010 0.000010 0.000010 0.000010 0.000010
0.000010 0.000010 0.000010 0.000010 0.000010 0.799432 0.000010 0.000010 0.000010 0.000011 0.000010 0.000010 0.000010 0.000010 0.000010 0.200428
0.000010 0.000010 0.000010 0.000010 0.000010 0.999850 0.000010 0.000010 0.000010 0.000010 0.000010 0.000010 0.000010 0.000010 0.000010 0.000010
0.000010 0.000010 0.000010 0.000010 0.000010 0.000010 0.000010 0.488813 0.000010 0.000010 0.000010 0.000010 0.000010 0.000010 0.064016 0.447040
0.000010 0.000010 0.000010 0.000010 0.000010 0.064287 0.000010 0.209060 0.000010 0.000010 0.000010 0.057818 0.079234 0.053330 0.034794 0.501387
0.000010 0.000010 0.000010 0.000010 0.000010 0.454886 0.000010 0.318120 0.000010 0.000010 0.000010 0.000010 0.000010 0.000010 0.000010 0.226864
0.000010 0.000010 0.000010 0.000010 0.000010 0.000010 0.000010 0.000010 0.000010 0.000010 0.000010 0.000010 0.000010 0.145662 0.000010 0.854198
0.104893 0.000010 0.000010 0.000010 0.000010 0.582418 0.000010 0.111798 0.000010 0.000010 0.000010 0.000010 0.095621 0.105159 0.000010 0.000010
0.000010 0.000010 0.000010 0.000010 0.000010 0.420774 0.000010 0.000010 0.000010 0.000010 0.000010 0.000010 0.000010 0.000010 0.000010 0.579086
0.000010 0.000010 0.000010 0.000010 0.000010 0.487780 0.000010 0.000010 0.000010 0.000010 0.000010 0.000010 0.000010 0.196662 0.000010 0.315428
0.000010 0.000010 0.000010 0.000010 0.000010 0.000010 0.000010 0.105548 0.000010 0.000010 0.355284 0.000010 0.523151 0.000010 0.015897 0.000010
0.000010 0.000010 0.000010 0.000010 0.000010 0.340405 0.000010 0.130857 0.000010 0.000010 0.000010 0.000010 0.000010 0.193292 0.000010 0.335326
0.000010 0.000010 0.000010 0.000010 0.000010 0.000010 0.000010 0.000010 0.000010 0.999850 0.000010 0.000010 0.000010 0.000010 0.000010 0.000010
0.000010 0.000010 0.981689 0.000010 0.000010 0.018171 0.000010 0.000010 0.000010 0.000010 0.000010 0.000010 0.000010 0.000010 0.000010 0.000010
0.000010 0.000010 0.000010 0.000010 0.000010 0.000010 0.999850 0.000010 0.000010 0.000010 0.000010 0.000010 0.000010 0.000010 0.000010 0.000010
0.000010 0.000010 0.000010 0.000010 0.000010 0.000010 0.000010 0.000010 0.000010 0.000010 0.000010 0.942830 0.000010 0.057030 0.000010 0.000010
0.000010 0.000010 0.000010 0.000010 0.000010 0.000010 0.999850 0.000010 0.000010 0.000010 0.000010 0.000010 0.000010 0.000010 0.000010 0.000010
0.000010 0.000010 0.000010 0.000010 0.000010 0.999849 0.000010 0.000010 0.000011 0.000010 0.000010 0.000010 0.000010 0.000010 0.000010 0.000010
0.000010 0.000010 0.171842 0.000010 0.000010 0.000010 0.000010 0.000010 0.000010 0.000010 0.000010 0.000010 0.000010 0.000010 0.000010 0.828018
0.000010 0.000010 0.000010 0.000010 0.000010 0.000010 0.999850 0.000010 0.000010 0.000010 0.000010 0.000010 0.000010 0.000010 0.000010 0.000010
0.000010 0.000010 0.000010 0.000010 0.000010 0.000010 0.999850 0.000010 0.000010 0.000010 0.000010 0.000010 0.000010 0.000010 0.000010 0.000010
0.000010 0.000010 0.000010 0.010542 0.000010 0.000010 0.223997 0.000010 0.000010 0.765331 0.000010 0.000010 0.000010 0.000010 0.000010 0.000010
0.000010 0.000010 0.856221 0.000010 0.000010 0.143639 0.000010 0.000010 0.000010 0.000010 0.000010 0.000010 0.000010 0.000010 0.000010 0.000010
0.000010 0.000010 0.000010 0.000010 0.000010 0.000010 0.999850 0.000010 0.000010 0.000010 0.000010 0.000010 0.000010 0.000010 0.000010 0.000010
0.000010 0.000010 0.755665 0.000010 0.000010 0.000010 0.000010 0.000010 0.000010 0.000010 0.000010 0.000010 0.000010 0.143260 0.000010 0.100945
0.000010 0.000010 0.999842 0.000010 0.000010 0.000010 0.000013 0.000010 0.000010 0.000010 0.000010 0.000010 0.000010 0.000010 0.000016 0.000010
0.000010 0.000010 0.690447 0.000010 0.168829 0.000010 0.000010 0.000010 0.000010 0.000010 0.000010 0.000010 0.000010 0.000010 0.000010 0.140594
0.000010 0.000010 0.027374 0.000010 0.000010 0.366153 0.000010 0.062873 0.000010 0.000010 0.000010 0.000010 0.000010 0.000010 0.120258 0.423233
0.000010 0.000010 0.000010 0.000010 0.000010 0.000010 0.999850 0.000010 0.000010 0.000010 0.000010 0.000010 0.000010 0.000010 0.000010 0.000010
0.000010 0.000010 0.000010 0.000010 0.000010 0.000010 0.000010 0.000010 0.000010 0.999850 0.000010 0.000010 0.000010 0.000010 0.000010 0.000010
0.000010 0.000010 0.999850 0.000010 0.000010 0.000010 0.000010 0.000010 0.000010 0.000010 0.000010 0.000010 0.000010 0.000010 0.000010 0.000010
0.000010 0.000010 0.000010 0.000010 0.000010 0.000010 0.000010 0.000010 0.000010 0.999850 0.000010 0.000010 0.000010 0.000010 0.000010 0.000010
0.000010 0.000010 0.875789 0.000010 0.000010 0.000010 0.000010 0.000010 0.124071 0.000010 0.000010 0.000010 0.000010 0.000010 0.000010 0.000010
0.000010 0.000010 0.000010 0.000010 0.000010 0.000010 0.000010 0.000010 0.999850 0.000010 0.000010 0.000010 0.000010 0.000010 0.000010 0.000010
0.000010 0.000010 0.000010 0.000010 0.000010 0.000010 0.999850 0.000010 0.000010 0.000010 0.000010 0.000010 0.000010 0.000010 0.000010 0.000010
0.000010 0.000010 0.000010 0.000010 0.000010 0.000010 0.999850 0.000010 0.000010 0.000010 0.000010 0.000010 0.000010 0.000010 0.000010 0.000010
0.000010 0.000010 0.090600 0.000010 0.000010 0.004562 0.904708 0.000010 0.000010 0.000010 0.000010 0.000010 0.000010 0.000010 0.000010 0.000010
0.000010 0.000010 0.000010 0.000010 0.000010 0.000010 0.999850 0.000010 0.000010 0.000010 0.000010 0.000010 0.000010 0.000010 0.000010 0.000010
0.000010 0.000010 0.000010 0.000010 0.000010 0.000010 0.000010 0.000010 0.000010 0.999850 0.000010 0.000010 0.000010 0.000010 0.000010 0.000010
0.000010 0.000010 0.000010 0.000010 0.000010 0.000010 0.000010 0.000010 0.000010 0.999850 0.000010 0.000010 0.000010 0.000010 0.000010 0.000010
0.000010 0.000010 0.808745 0.000010 0.000010 0.142280 0.000010 0.000010 0.048845 0.000010 0.000010 0.000010 0.000010 0.000010 0.000010 0.000010
0.000010 0.000010 0.000010 0.000010 0.000010 0.000010 0.999850 0.000010 0.000010 0.000010 0.000010 0.000010 0.000010 0.000010 0.000010 0.000010
0.000010 0.000010 0.000010 0.000012 0.000012 0.000010 0.999844 0.000010 0.000011 0.000010 0.000010 0.000012 0.000010 0.000010 0.000010 0.000010
0.000010 0.000010 0.000010 0.000010 0.000010 0.000015 0.999841 0.000014 0.000010 0.000010 0.000010 0.000010 0.000010 0.000010 0.000010 0.000010
0.000010 0.000010 0.865661 0.000010 0.000010 0.000010 0.000010 0.021005 0.000010 0.000010 0.092438 0.020777 0.000010 0.000010 0.000010 0.000010
0.000010 0.000012 0.000010 0.000010 0.000010 0.000010 0.999848 0.000010 0.000010 0.000010 0.000010 0.000010 0.000010 0.000010 0.000010 0.000010
0.000010 0.000010 0.000010 0.000010 0.000010 0.000010 0.999850 0.000010 0.000010 0.000010 0.000010 0.000010 0.000010 0.000010 0.000010 0.000010
0.000010 0.000010 0.000010 0.000010 0.000010 0.000010 0.999849 0.000010 0.000010 0.000010 0.000010 0.000010 0.000010 0.000010 0.000010 0.000010
0.000010 0.000010 0.000010 0.000010 0.000010 0.000010 0.000010 0.000010 0.999850 0.000010 0.000010 0.000010 0.000010 0.000010 0.000010 0.000010
0.000010 0.000010 0.000010 0.000010 0.000010 0.000010 0.000010 0.000010 0.999850 0.000010 0.000010 0.000010 0.000010 0.000010 0.000010 0.000010
0.000010 0.000010 0.000010 0.000010 0.000010 0.000010 0.000010 0.000010 0.999850 0.000010 0.000010 0.000010 0.000010 0.000010 0.000010 0.000010
0.000010 0.000010 0.000010 0.000010 0.000010 0.000010 0.000010 0.000010 0.999850 0.000010 0.000010 0.000010 0.000010 0.000010 0.000010 0.000010
0.000010 0.000010 0.000010 0.000010 0.000010 0.000010 0.000010 0.000010 0.999850 0.000010 0.000010 0.000010 0.000010 0.000010 0.000010 0.000010
0.000010 0.000011 0.000010 0.000010 0.000010 0.000010 0.000010 0.000010 0.999848 0.000010 0.000010 0.000010 0.000010 0.000010 0.000010 0.000010
0.473467 0.101838 0.000010 0.000010 0.000010 0.000010 0.000010 0.000010 0.000010 0.000010 0.000010 0.000010 0.025000 0.000148 0.000010 0.399436
0.648198 0.000010 0.000010 0.000010 0.000010 0.238773 0.000010 0.000010 0.000010 0.000010 0.000010 0.000010 0.000010 0.000010 0.000010 0.112899
0.000010 0.000010 0.000010 0.000010 0.000010 0.000010 0.000010 0.000010 0.000010 0.000010 0.000010 0.000010 0.000010 0.000010 0.000010 0.999850
0.000010 0.000010 0.000019 0.000010 0.000010 0.000010 0.000010 0.000010 0.000010 0.000010 0.000010 0.000010 0.000010 0.000010 0.000010 0.999841
0.000011 0.000010 0.000010 0.000010 0.000010 0.000010 0.000012 0.304171 0.000010 0.000010 0.000010 0.000012 0.000011 0.000010 0.000010 0.695683
0.000010 0.000012 0.000010 0.000010 0.000010 0.000010 0.000010 0.000010 0.000010 0.000010 0.000010 0.531246 0.000014 0.468608 0.000010 0.000010
0.000010 0.000010 0.000010 0.000010 0.000010 0.000010 0.000010 0.000010 0.000010 0.000010 0.000010 0.101070 0.541662 0.224018 0.133130 0.000010
0.083825 0.000010 0.000010 0.000010 0.000010 0.000010 0.000010 0.857571 0.000010 0.000010 0.000010 0.000010 0.000010 0.058474 0.000010 0.000010
0.000010 0.000010 0.000010 0.000010 0.000010 0.000010 0.000010 0.647289 0.000010 0.000010 0.000010 0.000010 0.170317 0.052788 0.129486 0.000010
0.000010 0.000010 0.000010 0.000010 0.000010 0.000010 0.000010 0.442174 0.000010 0.000010 0.000010 0.000010 0.000010 0.557686 0.000010 0.000010
0.000010 0.000010 0.000010 0.000010 0.000010 0.000010 0.000010 0.646455 0.000010 0.000010 0.000010 0.000010 0.172143 0.049939 0.131343 0.000010
0.000010 0.000010 0.000010 0.000010 0.000010 0.000010 0.000010 0.738477 0.000010 0.000010 0.082913 0.023702 0.000010 0.060478 0.094319 0.000010
0.000010 0.000010 0.000010 0.000010 0.000010 0.000010 0.000010 0.197266 0.000010 0.000010 0.000010 0.000010 0.055047 0.747558 0.000010 0.000010
0.040036 0.000010 0.000010 0.000010 0.000010 0.000010 0.000010 0.218920 0.000010 0.000010 0.000010 0.000010 0.000010 0.371896 0.369028 0.000010
0.000010 0.000010 0.000010 0.000010 0.000010 0.000010 0.000010 0.000010 0.000010 0.000010 0.000010 0.074816 0.000010 0.828514 0.000010 0.096541
0.114491 0.000010 0.000010 0.000010 0.647120 0.000010 0.000010 0.000010 0.000010 0.000010 0.055456 0.000010 0.000010 0.000010 0.182813 0.000010
0.000010 0.655674 0.000010 0.000010 0.000010 0.000010 0.000010 0.000010 0.000010 0.000010 0.000010 0.000010 0.000010 0.000010 0.344186 0.000010
0.000010 0.468267 0.000010 0.265779 0.000010 0.000010 0.000010 0.085255 0.000010 0.000010 0.000010 0.000010 0.000010 0.095948 0.084641 0.000010
0.000010 0.000010 0.000010 0.000010 0.000010 0.000010 0.000010 0.000010 0.000010 0.000010 0.000010 0.000010 0.000010 0.390952 0.000010 0.608908
0.120217 0.000010 0.000010 0.000010 0.000010 0.000010 0.000010 0.111396 0.000010 0.000010 0.000010 0.000010 0.000010 0.768257 0.000010 0.000010
0.000010 0.000010 0.000010 0.000010 0.000010 0.000010 0.000010 0.104597 0.000010 0.000010 0.000010 0.128614 0.356166 0.410503 0.000010 0.000010
0.000010 0.025669 0.000010 0.000010 0.000010 0.000010 0.000010 0.285251 0.000010 0.000010 0.000010 0.000010 0.000010 0.688950 0.000010 0.000010
0.000010 0.000010 0.000010 0.000010 0.000010 0.000010 0.000010 0.000010 0.000010 0.000010 0.000010 0.000010 0.000010 0.037832 0.042549 0.919489
0.000010 0.000010 0.000010 0.000010 0.000010 0.000010 0.000010 0.000010 0.000010 0.000010 0.000010 0.521206 0.000010 0.478654 0.000010 0.000010
0.000010 0.000010 0.000010 0.000010 0.000010 0.000010 0.000010 0.000010 0.000010 0.131044 0.204446 0.664380 0.000010 0.000010 0.000010 0.000010
0.000010 0.000010 0.000010 0.000010 0.000010 0.000010 0.000010 0.000010 0.000010 0.000010 0.971377 0.000010 0.000010 0.000010 0.028483 0.000010
0.000010 0.000010 0.000010 0.000010 0.000010 0.000010 0.000010 0.000010 0.000010 0.000010 0.800370 0.000010 0.199490 0.000010 0.000010 0.000010
0.000010 0.000010 0.000010 0.000010 0.105987 0.000010 0.000010 0.000010 0.000010 0.000010 0.729191 0.148097 0.016605 0.000010 0.000010 0.000010
0.000010 0.000010 0.000013 0.000017 0.000015 0.000012 0.000018 0.000010 0.000010 0.000010 0.000010 0.759643 0.000012 0.240190 0.000010 0.000010
0.000010 0.000010 0.000010 0.000010 0.000010 0.000010 0.000010 0.000010 0.000010 0.000010 0.000010 0.094304 0.014724 0.890842 0.000010 0.000010
0.000010 0.022487 0.000010 0.000010 0.136501 0.000010 0.000010 0.124590 0.000010 0.000010 0.062868 0.000010 0.333289 0.000010 0.320164 0.000010
0.000010 0.000010 0.000010 0.000010 0.000010 0.000010 0.000010 0.405381 0.000010 0.000010 0.000010 0.000010 0.385658 0.208831 0.000010 0.000010
0.000010 0.000010 0.000010 0.000010 0.000010 0.000010 0.000010 0.320189 0.000010 0.000010 0.000010 0.000010 0.423896 0.255785 0.000010 0.000010
0.000010 0.000010 0.000010 0.000010 0.000010 0.000010 0.000010 0.623220 0.000010 0.000010 0.376640 0.000010 0.000010 0.000010 0.000010 0.000010
0.000010 0.000010 0.000010 0.000010 0.000010 0.000010 0.000010 0.000010 0.000010 0.000010 0.000010 0.000010 0.999850 0.000010 0.000010 0.000010
0.000010 0.000010 0.000010 0.000010 0.000010 0.000010 0.000010 0.000010 0.000010 0.000010 0.000010 0.527622 0.000010 0.472238 0.000010 0.000010
0.000010 0.000010 0.000010 0.000010 0.000010 0.000010 0.000010 0.000010 0.000010 0.000010 0.000010 0.999850 0.000010 0.000010 0.000010 0.000010
0.136957 0.000010 0.000010 0.000010 0.000010 0.000010 0.000010 0.000010 0.000010 0.000010 0.862903 0.000010 0.000010 0.000010 0.000010 0.000010
0.000010 0.000010 0.000010 0.000010 0.000010 0.000010 0.000010 0.000010 0.000010 0.051761 0.629593 0.000010 0.222124 0.096401 0.000010 0.000010
0.000010 0.000010 0.000010 0.000010 0.000010 0.000010 0.000010 0.000010 0.000010 0.000010 0.000010 0.737575 0.000020 0.262275 0.000010 0.000010
0.000010 0.000010 0.000010 0.000010 0.465294 0.000010 0.000010 0.000010 0.000010 0.000010 0.000010 0.311633 0.000010 0.171739 0.051214 0.000010
0.000010 0.000010 0.000010 0.000010 0.000010 0.000010 0.000010 0.000010 0.000010 0.000010 0.936419 0.063441 0.000010 0.000010 0.000010 0.000010
0.000010 0.000010 0.000010 0.000010 0.000010 0.000010 0.000010 0.033118 0.000010 0.000010 0.157304 0.757803 0.051654 0.000010 0.000010 0.000010
0.113142 0.000010 0.000010 0.025366 0.000010 0.000010 0.000010 0.000010 0.000010 0.000010 0.861362 0.000010 0.000010 0.000010 0.000010 0.000010
0.000010 0.000010 0.000010 0.000010 0.000010 0.000010 0.000010 0.000010 0.000010 0.000010 0.000010 0.220947 0.315217 0.000010 0.000010 0.463705
0.000010 0.000010 0.000010 0.000010 0.407718 0.000010 0.000010 0.000010 0.000010 0.000010 0.000010 0.487876 0.000010 0.104276 0.000010 0.000010
0.000010 0.000010 0.000010 0.000010 0.000010 0.000010 0.000010 0.000010 0.000010 0.000010 0.942765 0.057095 0.000010 0.000010 0.000010 0.000010
0.000010 0.000010 0.000010 0.000010 0.000010 0.000010 0.000010 0.111954 0.000010 0.257387 0.395098 0.075016 0.000010 0.000010 0.160435 0.000010
0.125172 0.122569 0.000010 0.000010 0.124440 0.000010 0.000010 0.056199 0.000010 0.000010 0.105341 0.000010 0.106033 0.360155 0.000010 0.000010
0.000010 0.000010 0.000010 0.000010 0.000010 0.000010 0.000010 0.000010 0.000010 0.000010 0.000010 0.000010 0.000010 0.149628 0.000010 0.850232
0.157252 0.083659 0.000010 0.000010 0.125485 0.274904 0.000010 0.001237 0.000010 0.000010 0.000010 0.081439 0.000010 0.186184 0.000010 0.089759
0.162381 0.000010 0.000010 0.060921 0.000010 0.000010 0.000010 0.000010 0.000010 0.000010 0.704570 0.072008 0.000010 0.000010 0.000010 0.000010
0.000010 0.000010 0.000010 0.000010 0.000010 0.000010 0.000010 0.000010 0.000010 0.000010 0.767274 0.018080 0.000010 0.000010 0.214517 0.000010
0.000010 0.000010 0.000010 0.000013 0.000010 0.000010 0.000010 0.000010 0.000010 0.000010 0.745339 0.254518 0.000010 0.000010 0.000010 0.000010
0.000010 0.000010 0.000010 0.000010 0.377603 0.000010 0.000010 0.008447 0.000010 0.000010 0.000010 0.397520 0.000010 0.216310 0.000010 0.000010
0.000010 0.000010 0.000010 0.000010 0.000010 0.000010 0.000010 0.000010 0.000010 0.000010 0.999850 0.000010 0.000010 0.000010 0.000010 0.000010
0.000010 0.000010 0.000010 0.000010 0.000010 0.000010 0.000010 0.000010 0.000010 0.000010 0.000010 0.999850 0.000010 0.000010 0.000010 0.000010
0.000010 0.000010 0.000010 0.999850 0.000010 0.000010 0.000010 0.000010 0.000010 0.000010 0.000010 0.000010 0.000010 0.000010 0.000010 0.000010
0.000010 0.030974 0.000010 0.000010 0.034246 0.000010 0.000010 0.180723 0.000010 0.000010 0.119329 0.000010 0.000010 0.424994 0.209635 0.000010
0.000010 0.000010 0.000010 0.000010 0.000010 0.000010 0.000010 0.000010 0.000010 0.000010 0.000010 0.000010 0.000010 0.874022 0.125838 0.000010
0.000010 0.000010 0.000010 0.000010 0.000010 0.000010 0.000010 0.000010 0.000010 0.000010 0.000010 0.000010 0.448543 0.117063 0.000010 0.434263
0.000010 0.000010 0.000010 0.000010 0.000010 0.000010 0.000010 0.180348 0.000010 0.000010 0.000010 0.000010 0.089603 0.729918 0.000010 0.000010
0.000010 0.308774 0.000010 0.691086 0.000010 0.000010 0.000010 0.000010 0.000010 0.000010 0.000010 0.000010 0.000010 0.000010 0.000010 0.000010
0.000010 0.401596 0.000010 0.000010 0.000010 0.000010 0.000010 0.598264 0.000010 0.000010 0.000010 0.000010 0.000010 0.000010 0.000010 0.000010
0.000010 0.000010 0.000010 0.999850 0.000010 0.000010 0.000010 0.000010 0.000010 0.000010 0.000010 0.000010 0.000010 0.000010 0.000010 0.000010
0.000010 0.000010 0.000010 0.000010 0.000010 0.000010 0.000010 0.000010 0.000010 0.000010 0.000010 0.000010 0.692154 0.307706 0.000010 0.000010
0.000010 0.000010 0.000010 0.000010 0.000010 0.000010 0.000010 0.000010 0.000010 0.000010 0.000010 0.999850 0.000010 0.000010 0.000010 0.000010
0.000010 0.000010 0.000010 0.000010 0.000010 0.000010 0.000010 0.000010 0.000010 0.000010 0.000010 0.829064 0.042944 0.127863 0.000010 0.000010
0.000010 0.000010 0.000010 0.000010 0.000010 0.000010 0.000010 0.000010 0.000010 0.000010 0.999850 0.000010 0.000010 0.000010 0.000010 0.000010
0.000010 0.000010 0.000010 0.000010 0.000010 0.000010 0.000010 0.000010 0.000010 0.000010 0.000010 0.621755 0.378105 0.000010 0.000010 0.000010
0.000010 0.000010 0.000010 0.000010 0.000010 0.000010 0.000010 0.000010 0.000010 0.000010 0.000010 0.744816 0.255044 0.000010 0.000010 0.000010
0.000010 0.000010 0.000010 0.000010 0.094996 0.000010 0.000010 0.119921 0.000010 0.024934 0.485324 0.010619 0.056379 0.207737 0.000010 0.000010
0.000010 0.075341 0.000010 0.000010 0.000010 0.000010 0.000010 0.667494 0.000010 0.000010 0.000010 0.000010 0.000010 0.257035 0.000010 0.000010
0.000010 0.663618 0.000010 0.336242 0.000010 0.000010 0.000010 0.000010 0.000010 0.000010 0.000010 0.000010 0.000010 0.000010 0.000010 0.000010
0.000010 0.000010 0.000010 0.000010 0.902698 0.000010 0.000010 0.000010 0.000010 0.000010 0.000010 0.000010 0.000010 0.000010 0.000010 0.097162
0.000010 0.383269 0.000010 0.121407 0.000010 0.000010 0.000010 0.315201 0.000010 0.000010 0.047466 0.000010 0.000010 0.000010 0.132546 0.000010
0.000010 0.000010 0.000010 0.000010 0.709038 0.000010 0.000010 0.000010 0.000010 0.000010 0.038546 0.033617 0.000010 0.000010 0.096847 0.121842
0.087182 0.075776 0.000010 0.000010 0.000010 0.000010 0.000010 0.003634 0.000010 0.000010 0.000010 0.833288 0.000010 0.000010 0.000010 0.000010
0.000010 0.000010 0.000010 0.000010 0.999850 0.000010 0.000010 0.000010 0.000010 0.000010 0.000010 0.000010 0.000010 0.000010 0.000010 0.000010
0.000010 0.000010 0.000010 0.000010 0.000010 0.000010 0.000010 0.000010 0.000010 0.000010 0.999850 0.000010 0.000010 0.000010 0.000010 0.000010
0.000010 0.000010 0.000010 0.000010 0.000010 0.000010 0.000010 0.000010 0.000010 0.000010 0.999850 0.000010 0.000010 0.000010 0.000010 0.000010
0.000010 0.119002 0.000010 0.000010 0.000010 0.202260 0.000010 0.000010 0.000010 0.000010 0.000010 0.000010 0.000010 0.678608 0.000010 0.000010
0.000010 0.000010 0.000010 0.000010 0.198172 0.000010 0.000010 0.000010 0.000010 0.000010 0.000010 0.319558 0.482140 0.000010 0.000010 0.000010
0.543521 0.000010 0.000010 0.134930 0.038715 0.000010 0.000010 0.217533 0.000010 0.000010 0.000010 0.021880 0.000010 0.043320 0.000010 0.000010
0.000010 0.000010 0.000010 0.000010 0.000010 0.000010 0.000010 0.000010 0.000010 0.000010 0.000010 0.999850 0.000010 0.000010 0.000010 0.000010
0.000010 0.000010 0.000010 0.000010 0.999850 0.000010 0.000010 0.000010 0.000010 0.000010 0.000010 0.000010 0.000010 0.000010 0.000010 0.000010
0.128680 0.780629 0.000010 0.000010 0.000010 0.000010 0.000010 0.000010 0.000010 0.000010 0.000010 0.000010 0.007558 0.000010 0.000010 0.083013
0.000010 0.000010 0.000010 0.000010 0.427585 0.000010 0.000010 0.000010 0.000010 0.000010 0.256774 0.000010 0.000010 0.315512 0.000010 0.000010
0.000010 0.000010 0.000010 0.000010 0.000010 0.000014 0.000010 0.575075 0.000010 0.000010 0.000010 0.133898 0.000010 0.290893 0.000010 0.000010
0.000010 0.000010 0.000010 0.000010 0.000010 0.000010 0.000010 0.144296 0.000010 0.000010 0.000010 0.000010 0.469876 0.000010 0.000010 0.385698
0.000010 0.000010 0.223672 0.000010 0.000010 0.000010 0.000010 0.000010 0.000010 0.000010 0.000010 0.000010 0.008571 0.000010 0.000010 0.767627
0.000010 0.000010 0.000010 0.000010 0.000010 0.049939 0.000010 0.170504 0.000010 0.000010 0.000010 0.000010 0.000010 0.333613 0.384966 0.060868
0.000010 0.000010 0.587289 0.000010 0.000010 0.000010 0.000010 0.000010 0.000010 0.000010 0.000010 0.000010 0.000010 0.268433 0.000010 0.144148
0.000010 0.000010 0.000010 0.000010 0.000010 0.000010 0.000010 0.000010 0.000010 0.000010 0.000010 0.015484 0.618555 0.365831 0.000010 0.000010
0.000010 0.000010 0.000010 0.000010 0.000010 0.000010 0.000010 0.000010 0.000010 0.000010 0.000010 0.317684 0.074379 0.607807 0.000010 0.000010
0.000010 0.000010 0.000010 0.000010 0.000010 0.000010 0.000010 0.000010 0.000010 0.000010 0.000010 0.000010 0.999850 0.000010 0.000010 0.000010
0.000010 0.000010 0.000010 0.000010 0.000010 0.000010 0.000010 0.000010 0.000010 0.000010 0.000010 0.848381 0.054307 0.097182 0.000010 0.000010
0.203129 0.000010 0.000010 0.000010 0.000010 0.000010 0.000010 0.135047 0.000010 0.000010 0.016622 0.080807 0.000010 0.259657 0.304638 0.000010
0.000010 0.063321 0.000010 0.000010 0.000010 0.105669 0.000010 0.272845 0.000010 0.000010 0.000010 0.189325 0.000010 0.000010 0.368730 0.000010
0.000010 0.000010 0.000010 0.000010 0.000010 0.000010 0.000010 0.000010 0.000010 0.000010 0.049120 0.000010 0.526897 0.423852 0.000010 0.000010
0.000010 0.000010 0.000010 0.000010 0.000010 0.000010 0.000010 0.000010 0.000010 0.000010 0.536501 0.000010 0.463359 0.000010 0.000010 0.000010
0.000010 0.000010 0.000010 0.000013 0.110765 0.000010 0.000010 0.121102 0.000010 0.000010 0.000010 0.041931 0.394880 0.331209 0.000010 0.000010
0.000014 0.000019 0.000010 0.000010 0.000010 0.000010 0.000012 0.000010 0.000010 0.000010 0.000010 0.000010 0.018249 0.981595 0.000010 0.000010
0.000010 0.000010 0.000010 0.000010 0.029010 0.000010 0.000010 0.571627 0.000010 0.000010 0.226647 0.172596 0.000010 0.000010 0.000010 0.000010
0.000010 0.000010 0.000010 0.000010 0.000010 0.000010 0.000010 0.000010 0.000010 0.000010 0.999850 0.000010 0.000010 0.000010 0.000010 0.000010
0.000012 0.000010 0.000010 0.000010 0.000010 0.000010 0.000010 0.000010 0.000010 0.000010 0.330551 0.669299 0.000010 0.000018 0.000010 0.000010
0.215516 0.095143 0.000010 0.000010 0.199573 0.000010 0.000010 0.116881 0.000014 0.000010 0.000015 0.000016 0.246182 0.126590 0.000010 0.000010
0.000010 0.999850 0.000010 0.000010 0.000010 0.000010 0.000010 0.000010 0.000010 0.000010 0.000010 0.000010 0.000010 0.000010 0.000010 0.000010
0.000010 0.523015 0.000010 0.292356 0.000010 0.000010 0.000010 0.000010 0.000010 0.000010 0.062985 0.000010 0.000010 0.000010 0.121523 0.000010
0.000010 0.999850 0.000010 0.000010 0.000010 0.000010 0.000010 0.000010 0.000010 0.000010 0.000010 0.000010 0.000010 0.000010 0.000010 0.000010
0.697969 0.000010 0.000010 0.000010 0.000010 0.000010 0.000010 0.000010 0.000010 0.000010 0.000010 0.000010 0.000010 0.301891 0.000010 0.000010
0.000010 0.000010 0.000010 0.000010 0.052054 0.000010 0.000010 0.263517 0.000010 0.000010 0.070471 0.000010 0.000010 0.613838 0.000010 0.000010
0.000010 0.000010 0.000010 0.000010 0.000010 0.000010 0.999850 0.000010 0.000010 0.000010 0.000010 0.000010 0.000010 0.000010 0.000010 0.000010
0.284905 0.000010 0.000011 0.000010 0.000010 0.000010 0.072229 0.189432 0.000010 0.000010 0.000010 0.074240 0.000010 0.141206 0.237888 0.000010
0.000010 0.000010 0.000010 0.000010 0.000010 0.000010 0.000010 0.288157 0.000010 0.000010 0.000010 0.000010 0.553262 0.157576 0.000010 0.000886
0.000010 0.327152 0.000010 0.000010 0.000010 0.000010 0.000010 0.521223 0.000010 0.000010 0.000010 0.000010 0.000010 0.151496 0.000010 0.000010
0.000010 0.000010 0.000010 0.000010 0.000010 0.000010 0.000010 0.580973 0.000010 0.000010 0.000010 0.000010 0.000010 0.418887 0.000010 0.000010
0.000010 0.000010 0.000010 0.000010 0.000010 0.000010 0.000010 0.000010 0.000010 0.000010 0.999850 0.000010 0.000010 0.000010 0.000010 0.000010
0.000010 0.000010 0.000010 0.033206 0.000010 0.000010 0.000010 0.000010 0.000010 0.000010 0.142603 0.000010 0.671960 0.152111 0.000010 0.000010
0.000010 0.000010 0.000010 0.000010 0.656914 0.000010 0.000010 0.000010 0.000010 0.000010 0.000010 0.000010 0.318836 0.024120 0.000010 0.000010
0.000010 0.000010 0.000010 0.000010 0.000010 0.000010 0.000010 0.000010 0.000010 0.000010 0.000010 0.717302 0.000010 0.282558 0.000010 0.000010
0.000010 0.000010 0.000010 0.000010 0.000010 0.000010 0.000010 0.000010 0.000010 0.000010 0.832762 0.154339 0.012769 0.000010 0.000010 0.000010
0.000010 0.000010 0.000010 0.000010 0.000010 0.000010 0.000010 0.000010 0.000010 0.000010 0.000010 0.999850 0.000010 0.000010 0.000010 0.000010
0.000019 0.000013 0.000010 0.000010 0.000010 0.000010 0.000010 0.000010 0.000010 0.000010 0.758784 0.241063 0.000010 0.000012 0.000010 0.000010
0.000010 0.000010 0.000010 0.000010 0.000010 0.000010 0.000010 0.000010 0.000010 0.000010 0.000010 0.999850 0.000010 0.000010 0.000010 0.000010
0.000010 0.000010 0.000010 0.000010 0.000012 0.000010 0.000010 0.000010 0.000010 0.000010 0.000010 0.595160 0.187159 0.217549 0.000010 0.000010
0.000010 0.000010 0.000010 0.000010 0.000010 0.000010 0.000010 0.227914 0.000010 0.000010 0.032552 0.096815 0.092875 0.549735 0.000010 0.000010
0.000010 0.015963 0.000010 0.000010 0.000010 0.000010 0.000010 0.216313 0.000010 0.000010 0.387498 0.000010 0.301488 0.078629 0.000010 0.000010
0.000010 0.000010 0.000010 0.000010 0.999850 0.000010 0.000010 0.000010 0.000010 0.000010 0.000010 0.000010 0.000010 0.000010 0.000010 0.000010
0.427279 0.000010 0.000010 0.000010 0.000010 0.000010 0.000010 0.484092 0.000010 0.000010 0.000010 0.000010 0.000010 0.088498 0.000010 0.000010
0.000010 0.000010 0.000010 0.849258 0.000010 0.000010 0.000010 0.134582 0.000010 0.000010 0.000010 0.000010 0.016030 0.000010 0.000010 0.000010
0.000010 0.000010 0.000010 0.000010 0.000010 0.000010 0.000010 0.999850 0.000010 0.000010 0.000010 0.000010 0.000010 0.000010 0.000010 0.000010
0.000010 0.000010 0.000010 0.634797 0.000010 0.000010 0.000010 0.320443 0.000010 0.000010 0.000010 0.015897 0.028743 0.000010 0.000010 0.000010
0.000010 0.000010 0.000010 0.000010 0.000010 0.000010 0.000010 0.000010 0.000010 0.000010 0.999850 0.000010 0.000010 0.000010 0.000010 0.000010
0.000010 0.000010 0.000010 0.000010 0.544855 0.000010 0.000010 0.000010 0.000010 0.000010 0.000010 0.000010 0.037861 0.328648 0.000010 0.088517
0.000010 0.001793 0.000010 0.000010 0.000010 0.000010 0.000010 0.000010 0.000010 0.000010 0.172201 0.242756 0.377167 0.109190 0.087145 0.009658
0.000010 0.000010 0.000010 0.000010 0.000010 0.000010 0.000010 0.288206 0.000010 0.000010 0.000010 0.000010 0.000010 0.382385 0.000010 0.329279
0.000010 0.000010 0.000010 0.000010 0.000010 0.000010 0.000010 0.830777 0.000010 0.000010 0.026916 0.000010 0.000010 0.000010 0.142177 0.000010
0.000010 0.000010 0.000010 0.000010 0.000010 0.000010 0.000010 0.000010 0.000010 0.000010 0.000010 0.791254 0.000010 0.208606 0.000010 0.000010
0.000010 0.301638 0.000010 0.000010 0.125854 0.000010 0.000010 0.267195 0.000010 0.000010 0.000010 0.000010 0.000010 0.305192 0.000010 0.000010
0.000010 0.000010 0.000010 0.049243 0.150097 0.000010 0.000010 0.137758 0.000010 0.000010 0.039284 0.008627 0.000010 0.012581 0.602319 0.000010
0.000010 0.000010 0.606230 0.000010 0.047135 0.000010 0.000010 0.000010 0.000010 0.000010 0.000010 0.201805 0.000010 0.000010 0.000010 0.144710
0.000010 0.000010 0.000010 0.000010 0.239990 0.000010 0.000010 0.000010 0.000010 0.000010 0.000010 0.061548 0.114624 0.000010 0.000010 0.583718
0.000010 0.000010 0.000010 0.000010 0.000010 0.000010 0.000010 0.000010 0.000010 0.000010 0.025270 0.395205 0.579396 0.000010 0.000010 0.000010
0.000010 0.000010 0.000010 0.000010 0.000010 0.000010 0.000010 0.000010 0.000010 0.000010 0.000010 0.039693 0.380400 0.514199 0.000010 0.065588
0.000010 0.000010 0.999850 0.000010 0.000010 0.000010 0.000010 0.000010 0.000010 0.000010 0.000010 0.000010 0.000010 0.000010 0.000010 0.000010
0.000010 0.000010 0.000010 0.000010 0.000010 0.000010 0.000010 0.198724 0.000010 0.000010 0.005070 0.602098 0.135541 0.058458 0.000010 0.000010
0.000010 0.000010 0.000010 0.014160 0.000010 0.000010 0.000010 0.185832 0.000010 0.000010 0.032848 0.000010 0.000010 0.726611 0.040439 0.000010
0.000010 0.020460 0.000010 0.000010 0.000010 0.000010 0.000010 0.070632 0.000010 0.000010 0.000010 0.000010 0.536074 0.372714 0.000010 0.000010
0.000010 0.000010 0.000010 0.000010 0.000010 0.000010 0.000010 0.000010 0.000010 0.000010 0.027114 0.354906 0.617850 0.000010 0.000010 0.000010
0.000010 0.000010 0.000010 0.000010 0.000010 0.000010 0.000010 0.000010 0.000010 0.000010 0.000010 0.000010 0.000010 0.930011 0.069849 0.000010
0.000010 0.000010 0.000010 0.000010 0.000010 0.000010 0.000010 0.000010 0.000010 0.000010 0.000010 0.000010 0.000010 0.962775 0.000010 0.037085
0.000010 0.000010 0.000010 0.000010 0.000010 0.000010 0.000010 0.000010 0.000010 0.000010 0.000010 0.000010 0.000010 0.999850 0.000010 0.000010
0.000010 0.000010 0.000010 0.001392 0.000010 0.000010 0.000010 0.000010 0.000010 0.000010 0.000010 0.124761 0.000010 0.307671 0.000010 0.566055
0.000010 0.000010 0.000010 0.000010 0.000010 0.000010 0.000010 0.000010 0.000013 0.000010 0.000010 0.000010 0.000010 0.000010 0.000010 0.999847
0.000010 0.000010 0.000010 0.000010 0.000010 0.000010 0.000010 0.319292 0.000010 0.000010 0.000010 0.000010 0.000010 0.680568 0.000010 0.000010
0.000010 0.000010 0.000010 0.000010 0.000010 0.000010 0.000010 0.000010 0.000010 0.000010 0.185856 0.000010 0.814004 0.000010 0.000010 0.000010
0.000010 0.000010 0.000010 0.000010 0.000010 0.000010 0.000010 0.000010 0.000010 0.000010 0.000010 0.205577 0.026917 0.000010 0.000010 0.767376
0.000010 0.000010 0.000010 0.000010 0.000010 0.000010 0.000010 0.000010 0.000010 0.000010 0.193793 0.000010 0.043858 0.746679 0.015550 0.000010
0.000010 0.000010 0.000010 0.000010 0.000010 0.000010 0.000010 0.000010 0.000010 0.000010 0.000010 0.795081 0.000010 0.204779 0.000010 0.000010
0.000010 0.000010 0.000010 0.000010 0.000010 0.000010 0.000010 0.071026 0.000010 0.000010 0.137860 0.071254 0.188157 0.339385 0.192217 0.000010
0.000010 0.000010 0.000010 0.000010 0.000010 0.000010 0.000010 0.000010 0.000010 0.000010 0.000010 0.314937 0.684923 0.000010 0.000010 0.000010
0.000010 0.000010 0.000010 0.000010 0.000010 0.000010 0.000010 0.000010 0.000010 0.000010 0.099892 0.899968 0.000010 0.000010 0.000010 0.000010
0.000010 0.037474 0.000010 0.022570 0.000010 0.000010 0.000010 0.044299 0.000010 0.000010 0.077753 0.000010 0.000010 0.349930 0.467874 0.000010
0.000010 0.194633 0.000010 0.000010 0.000010 0.000010 0.000010 0.087965 0.000010 0.000010 0.000010 0.044647 0.558963 0.113682 0.000010 0.000010
0.000010 0.197717 0.000010 0.405594 0.239293 0.000010 0.000010 0.000010 0.000010 0.016895 0.000010 0.013185 0.000010 0.000010 0.127215 0.000010
0.000010 0.252813 0.000010 0.576270 0.000010 0.000010 0.000010 0.000010 0.000010 0.000010 0.170787 0.000010 0.000010 0.000010 0.000010 0.000010
0.000010 0.000010 0.000010 0.000010 0.000010 0.000010 0.000010 0.000010 0.000010 0.000010 0.000010 0.321668 0.000010 0.678192 0.000010 0.000010
0.000010 0.000010 0.000010 0.000010 0.000010 0.000010 0.000010 0.282529 0.000010 0.000010 0.179349 0.054798 0.000010 0.483204 0.000010 0.000010
0.000010 0.000010 0.000010 0.000010 0.000010 0.000010 0.000010 0.662296 0.000010 0.000010 0.000010 0.000010 0.000010 0.337564 0.000010 0.000010
0.000010 0.000010 0.000010 0.000010 0.000010 0.000010 0.000010 0.883268 0.000010 0.000010 0.116592 0.000010 0.000010 0.000010 0.000010 0.000010
0.000010 0.000010 0.000010 0.000010 0.000010 0.000010 0.000010 0.287163 0.000010 0.000010 0.000010 0.412898 0.299809 0.000010 0.000010 0.000010
0.000010 0.000010 0.000010 0.769168 0.000010 0.000010 0.130677 0.000010 0.000010 0.096416 0.000010 0.003620 0.000010 0.000010 0.000010 0.000010
0.000010 0.999850 0.000010 0.000010 0.000010 0.000010 0.000010 0.000010 0.000010 0.000010 0.000010 0.000010 0.000010 0.000010 0.000010 0.000010
0.000010 0.000010 0.000010 0.000010 0.000010 0.000010 0.000010 0.149730 0.000010 0.000010 0.099172 0.209488 0.000010 0.541489 0.000010 0.000010
0.000010 0.000010 0.000010 0.703359 0.000010 0.000010 0.000010 0.296492 0.000010 0.000010 0.000019 0.000010 0.000010 0.000010 0.000010 0.000010
0.000010 0.000010 0.000010 0.999850 0.000010 0.000010 0.000010 0.000010 0.000010 0.000010 0.000010 0.000010 0.000010 0.000010 0.000010 0.000010
0.000010 0.000010 0.000010 0.144361 0.000010 0.000010 0.000010 0.609306 0.000010 0.000010 0.093637 0.152576 0.000010 0.000010 0.000010 0.000010
0.000010 0.000010 0.000010 0.645890 0.000010 0.000010 0.000010 0.285780 0.000010 0.000010 0.000010 0.000010 0.068199 0.000010 0.000010 0.000010
0.000010 0.000010 0.000010 0.999850 0.000010 0.000010 0.000010 0.000010 0.000010 0.000010 0.000010 0.000010 0.000010 0.000010 0.000010 0.000010
0.000010 0.000010 0.000010 0.925631 0.000010 0.000010 0.000010 0.074229 0.000010 0.000010 0.000010 0.000010 0.000010 0.000010 0.000010 0.000010
0.000010 0.000010 0.000010 0.999850 0.000010 0.000010 0.000010 0.000010 0.000010 0.000010 0.000010 0.000010 0.000010 0.000010 0.000010 0.000010
0.000010 0.832601 0.000010 0.000010 0.000010 0.000010 0.000010 0.000010 0.000010 0.000010 0.000010 0.167259 0.000010 0.000010 0.000010 0.000010
0.000010 0.482616 0.000010 0.000010 0.000010 0.000010 0.000010 0.386276 0.000010 0.000010 0.000010 0.000010 0.000010 0.130978 0.000010 0.000010
0.266552 0.516619 0.200408 0.000010 0.000010 0.000010 0.000010 0.000010 0.000010 0.000010 0.000010 0.000010 0.007850 0.008462 0.000010 0.000010
0.000010 0.785701 0.000010 0.000010 0.000010 0.000010 0.000010 0.000010 0.000010 0.000010 0.214159 0.000010 0.000010 0.000010 0.000010 0.000010
0.000010 0.000010 0.000010 0.817216 0.000010 0.000010 0.000010 0.182644 0.000010 0.000010 0.000010 0.000010 0.000010 0.000010 0.000010 0.000010
0.000010 0.341414 0.000010 0.237006 0.000010 0.000010 0.000010 0.405748 0.000010 0.000010 0.015712 0.000010 0.000010 0.000010 0.000010 0.000010
0.000010 0.529183 0.000010 0.000010 0.000010 0.000010 0.000010 0.419573 0.000010 0.000010 0.000010 0.051114 0.000010 0.000010 0.000010 0.000010
0.000010 0.000010 0.000010 0.000010 0.000010 0.000010 0.000010 0.876822 0.000010 0.000010 0.000010 0.000010 0.000010 0.123038 0.000010 0.000010
0.000010 0.418659 0.000010 0.000010 0.000010 0.000010 0.000010 0.461932 0.000010 0.000010 0.000010 0.000010 0.000010 0.076386 0.000010 0.042903
0.000010 0.000010 0.000010 0.000010 0.000010 0.000010 0.000010 0.126817 0.000010 0.000010 0.000010 0.000010 0.873043 0.000010 0.000010 0.000010
0.000010 0.000010 0.000010 0.000010 0.000010 0.000010 0.000014 0.206304 0.000010 0.000010 0.000010 0.000010 0.734931 0.000010 0.000010 0.058631
0.170177 0.000010 0.000010 0.000010 0.000010 0.000010 0.000010 0.000010 0.000010 0.000010 0.829683 0.000010 0.000010 0.000010 0.000010 0.000010
0.000010 0.000010 0.000010 0.000010 0.000010 0.000010 0.000010 0.000010 0.000010 0.000010 0.000010 0.000010 0.737661 0.262199 0.000010 0.000010
0.000010 0.000010 0.000010 0.000010 0.000010 0.000010 0.000010 0.999850 0.000010 0.000010 0.000010 0.000010 0.000010 0.000010 0.000010 0.000010
0.000010 0.180631 0.000010 0.000010 0.000010 0.000010 0.000010 0.819229 0.000010 0.000010 0.000010 0.000010 0.000010 0.000010 0.000010 0.000010
0.000010 0.248765 0.000010 0.000010 0.000010 0.000010 0.000010 0.201314 0.000010 0.000010 0.000010 0.000010 0.151907 0.000010 0.397894 0.000010
0.000010 0.000010 0.000010 0.000010 0.000010 0.000010 0.000010 0.339589 0.000010 0.000010 0.000010 0.118901 0.489475 0.051915 0.000010 0.000010
0.000010 0.000010 0.075970 0.000010 0.098774 0.000010 0.000010 0.649290 0.000010 0.000010 0.000010 0.000010 0.071316 0.104539 0.000010 0.000010
0.000010 0.000010 0.000010 0.000010 0.435943 0.000010 0.000010 0.291891 0.000010 0.000010 0.000010 0.000010 0.272036 0.000010 0.000010 0.000010
0.000010 0.000010 0.000010 0.000010 0.000010 0.000010 0.000010 0.157972 0.000010 0.000010 0.356414 0.000010 0.485484 0.000010 0.000010 0.000010
0.000010 0.012148 0.000010 0.000010 0.238302 0.000010 0.000010 0.000010 0.000010 0.000010 0.000010 0.000010 0.261686 0.351795 0.135960 0.000010
0.000010 0.000010 0.000010 0.000010 0.000010 0.000010 0.000010 0.363843 0.000010 0.000010 0.000010 0.059072 0.364415 0.212550 0.000010 0.000010
0.000010 0.000010 0.000010 0.000010 0.000010 0.000010 0.000011 0.000010 0.000010 0.000010 0.000010 0.000010 0.000013 0.907741 0.000010 0.092116
0.000010 0.000010 0.000010 0.000010 0.000010 0.693395 0.000010 0.000010 0.000010 0.000010 0.000010 0.000010 0.000010 0.000010 0.000010 0.306465
0.000010 0.000010 0.000010 0.000010 0.000010 0.999850 0.000010 0.000010 0.000010 0.000010 0.000010 0.000010 0.000010 0.000010 0.000010 0.000010
0.000010 0.000010 0.000010 0.000010 0.000010 0.000010 0.000010 0.000010 0.000010 0.000010 0.000010 0.152114 0.000010 0.847746 0.000010 0.000010
0.745218 0.000010 0.000010 0.000010 0.000010 0.000010 0.000010 0.000010 0.000010 0.000010 0.000010 0.000010 0.000010 0.000010 0.000010 0.254642
0.000010 0.027877 0.000010 0.000010 0.139146 0.000010 0.000010 0.000010 0.000010 0.000010 0.000010 0.620258 0.000010 0.212600 0.000010 0.000010
0.290346 0.000010 0.000010 0.000010 0.000010 0.000010 0.000010 0.602781 0.000010 0.000010 0.000010 0.093967 0.000010 0.012785 0.000010 0.000010
