0.526422 0.473558 0.000010 0.000010
0.999970 0.000010 0.000010 0.000010
0.819198 0.000010 0.000010 0.180782
0.000010 0.999970 0.000010 0.000010
0.808154 0.191826 0.000010 0.000010
0.926407 0.000010 0.000010 0.073573
0.920372 0.069539 0.006938 0.003151
0.875690 0.000010 0.000010 0.124290
0.000010 0.000010 0.000010 0.999970
0.895251 0.000010 0.000010 0.104729
0.999970 0.000010 0.000010 0.000010
0.000010 0.999970 0.000010 0.000010
0.681199 0.000010 0.000010 0.318781
0.543159 0.000011 0.000010 0.456820
0.432522 0.000010 0.000010 0.567458
0.999970 0.000010 0.000010 0.000010
0.873083 0.080713 0.010622 0.035582
0.687361 0.000010 0.000010 0.312619
0.999970 0.000010 0.000010 0.000010
0.632363 0.001495 0.000010 0.366132
0.775595 0.000010 0.000010 0.224385
0.735209 0.000010 0.000010 0.264771
0.284469 0.715511 0.000010 0.000010
0.794054 0.000010 0.000010 0.205926
0.000010 0.064145 0.038333 0.897511
0.068639 0.000010 0.000010 0.931341
0.000010 0.000010 0.999970 0.000010
0.199091 0.800889 0.000010 0.000010
0.000010 0.000010 0.999970 0.000010
0.290774 0.000010 0.000010 0.709206
0.704620 0.000010 0.000010 0.295360
0.000011 0.000015 0.999964 0.000010
0.000010 0.000010 0.999970 0.000010
0.000010 0.082506 0.406513 0.510971
0.077301 0.000010 0.000010 0.922679
0.000010 0.000014 0.999966 0.000010
0.261684 0.042287 0.000010 0.696018
0.027654 0.000010 0.000010 0.972326
0.234013 0.000010 0.000010 0.765967
0.722226 0.000010 0.000010 0.277754
0.000010 0.000010 0.999970 0.000010
0.000010 0.000010 0.093730 0.906250
0.000010 0.000010 0.000010 0.999970
0.000010 0.000010 0.000010 0.999970
0.000013 0.000010 0.000010 0.999967
0.000010 0.000010 0.000010 0.999970
0.000010 0.000010 0.999970 0.000010
0.000010 0.000010 0.999970 0.000010
0.000010 0.000010 0.909878 0.090102
0.000010 0.000010 0.999970 0.000010
0.000010 0.000010 0.000010 0.999970
0.000010 0.000010 0.000010 0.999970
0.000010 0.000010 0.000010 0.999970
0.000010 0.000012 0.999968 0.000010
0.000010 0.000010 0.999970 0.000010
0.000010 0.000017 0.999963 0.000010
0.000010 0.146913 0.000010 0.853067
0.000010 0.000020 0.999960 0.000010
0.000010 0.000010 0.999970 0.000010
0.000012 0.000010 0.999968 0.000010
0.000010 0.000010 0.000010 0.999970
0.000010 0.000010 0.000010 0.999970
0.000010 0.000010 0.000010 0.999970
0.000010 0.000010 0.000010 0.999970
0.000010 0.000010 0.000010 0.999970
0.000010 0.000010 0.000010 0.999970
0.674396 0.000010 0.000010 0.325584
0.432446 0.000010 0.000010 0.567534
0.999970 0.000010 0.000010 0.000010
0.999970 0.000010 0.000010 0.000010
0.999970 0.000010 0.000010 0.000010
0.532525 0.467455 0.000010 0.000010
0.429333 0.570644 0.000013 0.000010
0.929807 0.070173 0.000010 0.000010
0.859303 0.140677 0.000010 0.000010
0.999970 0.000010 0.000010 0.000010
0.862007 0.137973 0.000010 0.000010
0.719019 0.280961 0.000010 0.000010
0.999970 0.000010 0.000010 0.000010
0.957063 0.042917 0.000010 0.000010
0.820873 0.179107 0.000010 0.000010
0.677722 0.259670 0.034187 0.028421
0.740645 0.194801 0.001126 0.063429
0.692285 0.130489 0.177216 0.000010
0.999970 0.000010 0.000010 0.000010
0.972196 0.027784 0.000010 0.000010
0.509956 0.490024 0.000010 0.000010
0.999961 0.000019 0.000010 0.000010
0.999970 0.000010 0.000010 0.000010
0.534127 0.465849 0.000014 0.000010
0.000010 0.945135 0.054845 0.000010
0.000010 0.988222 0.000010 0.011758
0.000010 0.999970 0.000010 0.000010
0.000010 0.999970 0.000010 0.000010
0.380499 0.619481 0.000010 0.000010
0.760467 0.239513 0.000010 0.000010
0.626414 0.337507 0.014247 0.021832
0.734537 0.265443 0.000010 0.000010
0.602187 0.397793 0.000010 0.000010
0.270400 0.729580 0.000010 0.000010
0.398708 0.601272 0.000010 0.000010
0.560488 0.439492 0.000010 0.000010
0.075728 0.924252 0.000010 0.000010
0.000010 0.879296 0.000010 0.120684
0.053699 0.946281 0.000010 0.000010
0.336566 0.663414 0.000010 0.000010
0.451231 0.548749 0.000010 0.000010
0.000010 0.999970 0.000010 0.000010
0.002959 0.997021 0.000010 0.000010
0.000010 0.816899 0.006065 0.177026
0.535501 0.464479 0.000010 0.000010
0.252887 0.735526 0.011577 0.000010
0.000010 0.999970 0.000010 0.000010
0.076114 0.599383 0.000010 0.324493
0.774843 0.192310 0.013256 0.019591
0.999970 0.000010 0.000010 0.000010
0.617226 0.061832 0.000010 0.320932
0.000010 0.800748 0.005173 0.194070
0.074488 0.924915 0.000010 0.000587
0.000010 0.999970 0.000010 0.000010
0.313466 0.686514 0.000010 0.000010
0.000010 0.999970 0.000010 0.000010
0.000010 0.999970 0.000010 0.000010
0.038821 0.588838 0.372331 0.000010
0.789772 0.210206 0.000012 0.000010
0.999967 0.000013 0.000010 0.000010
0.655916 0.344064 0.000010 0.000010
0.861290 0.138690 0.000010 0.000010
0.373163 0.380867 0.245960 0.000010
0.813639 0.128634 0.000010 0.057717
0.058019 0.529837 0.412134 0.000010
0.508813 0.491167 0.000010 0.000010
0.000010 0.999970 0.000010 0.000010
0.197444 0.802536 0.000010 0.000010
0.000010 0.999970 0.000010 0.000010
0.160540 0.839440 0.000010 0.000010
0.159833 0.840147 0.000010 0.000010
0.177895 0.778199 0.000010 0.043896
0.999970 0.000010 0.000010 0.000010
0.270932 0.457838 0.163921 0.107309
0.642875 0.046460 0.000010 0.310655
0.712043 0.225914 0.000010 0.062033
0.726227 0.269681 0.004082 0.000010
0.060912 0.874674 0.000010 0.064404
0.602762 0.232465 0.000010 0.164764
0.000017 0.999963 0.000010 0.000010
0.000010 0.999970 0.000010 0.000010
0.974273 0.000010 0.000010 0.025707
0.087231 0.912749 0.000010 0.000010
0.569584 0.113849 0.000010 0.316556
0.000012 0.999968 0.000010 0.000010
0.672412 0.063024 0.000010 0.264554
0.607647 0.000010 0.000010 0.392333
0.469475 0.530505 0.000010 0.000010
0.823675 0.176305 0.000010 0.000010
0.696637 0.303343 0.000010 0.000010
0.714222 0.000010 0.000010 0.285758
0.934367 0.000010 0.000010 0.065613
0.447955 0.000010 0.000010 0.552025
0.409517 0.590456 0.000017 0.000010
0.659308 0.340672 0.000010 0.000010
0.412820 0.587160 0.000010 0.000010
0.102649 0.897331 0.000010 0.000010
0.832884 0.167096 0.000010 0.000010
0.765144 0.203849 0.000010 0.030997
0.445902 0.554078 0.000010 0.000010
0.000010 0.999970 0.000010 0.000010
0.623546 0.376434 0.000010 0.000010
0.956259 0.043721 0.000010 0.000010
0.281507 0.704710 0.013773 0.000010
0.000011 0.999968 0.000011 0.000010
0.000010 0.999970 0.000010 0.000010
0.838747 0.115964 0.000010 0.045279
0.539381 0.247731 0.076964 0.135925
0.313617 0.308451 0.108302 0.269630
0.523583 0.196134 0.058079 0.222205
0.848574 0.000010 0.000010 0.151406
0.788306 0.211674 0.000010 0.000010
0.000010 0.000014 0.999966 0.000010
0.778810 0.076710 0.105168 0.039311
0.545835 0.454145 0.000010 0.000010
0.818930 0.165180 0.000010 0.015880
0.999970 0.000010 0.000010 0.000010
0.000010 0.999969 0.000011 0.000010
0.273703 0.726277 0.000010 0.000010
0.682442 0.317538 0.000010 0.000010
0.359916 0.640064 0.000010 0.000010
0.000010 0.999970 0.000010 0.000010
0.000010 0.999970 0.000010 0.000010
0.000010 0.999970 0.000010 0.000010
0.000012 0.999968 0.000010 0.000010
0.285707 0.714273 0.000010 0.000010
0.684453 0.315527 0.000010 0.000010
0.294970 0.705010 0.000010 0.000010
0.783206 0.134673 0.000010 0.082111
0.947070 0.000010 0.000010 0.052910
0.168175 0.515557 0.316258 0.000010
0.339087 0.632863 0.000010 0.028040
0.344233 0.573565 0.082193 0.000010
0.000017 0.999957 0.000016 0.000010
0.918959 0.081021 0.000010 0.000010
0.271690 0.728285 0.000016 0.000010
0.930935 0.069045 0.000010 0.000010
0.776035 0.223945 0.000010 0.000010
0.365191 0.634789 0.000010 0.000010
0.999419 0.000561 0.000010 0.000010
0.728714 0.221486 0.049790 0.000010
0.106009 0.229622 0.000010 0.664359
0.747106 0.234010 0.018874 0.000010
0.032068 0.967912 0.000010 0.000010
0.629173 0.370807 0.000010 0.000010
0.000010 0.000010 0.000010 0.999970
0.157557 0.842423 0.000011 0.000010
0.908388 0.091592 0.000010 0.000010
0.815803 0.184177 0.000010 0.000010
0.000010 0.999970 0.000010 0.000010
0.999968 0.000012 0.000010 0.000010
0.999970 0.000010 0.000010 0.000010
0.999967 0.000010 0.000013 0.000010
0.805124 0.194856 0.000010 0.000010
0.999970 0.000010 0.000010 0.000010
0.999970 0.000010 0.000010 0.000010
0.180519 0.819461 0.000010 0.000010
0.720522 0.279458 0.000010 0.000010
0.698482 0.301498 0.000010 0.000010
0.360667 0.639313 0.000010 0.000010
0.568973 0.431007 0.000010 0.000010
0.063385 0.936595 0.000010 0.000010
0.000010 0.999970 0.000010 0.000010
0.800505 0.196521 0.000010 0.002965
0.453184 0.546796 0.000010 0.000010
0.369878 0.357524 0.237009 0.035588
0.095221 0.594949 0.171506 0.138324
0.709974 0.290006 0.000010 0.000010
0.558264 0.441716 0.000010 0.000010
0.911219 0.072153 0.000010 0.016618
0.556382 0.443598 0.000010 0.000010
0.199672 0.800308 0.000010 0.000010
0.000010 0.469044 0.462970 0.067976
0.745994 0.049427 0.074173 0.130405
0.539188 0.460792 0.000010 0.000010
0.440766 0.437640 0.121584 0.000010
0.288773 0.379275 0.331941 0.000010
0.274505 0.725475 0.000010 0.000010
0.470905 0.353696 0.175389 0.000010
0.204552 0.598816 0.196622 0.000010
0.268414 0.532396 0.199181 0.000010
0.000010 0.639422 0.346043 0.014525
0.534125 0.278921 0.127588 0.059365
0.877997 0.121983 0.000010 0.000010
0.466979 0.000010 0.000010 0.533001
0.388283 0.475916 0.000010 0.135791
0.357525 0.523638 0.118827 0.000010
0.529589 0.441891 0.028510 0.000010
0.721654 0.278326 0.000010 0.000010
0.958207 0.041773 0.000010 0.000010
0.827707 0.172273 0.000010 0.000010
0.384778 0.615202 0.000010 0.000010
0.503860 0.496120 0.000010 0.000010
0.000010 0.824079 0.000010 0.175901
0.393022 0.606958 0.000010 0.000010
0.899413 0.100567 0.000010 0.000010
0.921563 0.078417 0.000010 0.000010
0.850169 0.149811 0.000010 0.000010
0.350797 0.649183 0.000010 0.000010
0.580208 0.313238 0.000922 0.105631
0.539628 0.453787 0.006575 0.000010
0.179999 0.819981 0.000010 0.000010
0.787359 0.212618 0.000012 0.000010
0.638611 0.361369 0.000010 0.000010
0.999970 0.000010 0.000010 0.000010
0.482220 0.000010 0.000010 0.517760
0.335377 0.000011 0.000010 0.664602
0.771130 0.228850 0.000010 0.000010
0.770579 0.000010 0.012544 0.216867
0.292822 0.707155 0.000012 0.000010
0.861325 0.138655 0.000010 0.000010
0.999970 0.000010 0.000010 0.000010
0.999970 0.000010 0.000010 0.000010
0.967410 0.032570 0.000010 0.000010
0.999970 0.000010 0.000010 0.000010
0.677280 0.073174 0.000010 0.249536
0.784343 0.006733 0.000010 0.208915
0.797711 0.000010 0.000010 0.202269
0.859413 0.000010 0.000010 0.140567
0.863647 0.000010 0.000010 0.136333
0.827817 0.000010 0.000010 0.172163
0.741573 0.000010 0.000010 0.258407
0.787759 0.077001 0.000010 0.135230
0.999970 0.000010 0.000010 0.000010
0.432152 0.043749 0.000010 0.524089
0.999970 0.000010 0.000010 0.000010
0.887598 0.105788 0.000374 0.006239
0.886556 0.082607 0.007787 0.023050
0.972847 0.022854 0.004289 0.000010
0.997861 0.000010 0.002119 0.000010
0.998131 0.000010 0.001849 0.000010
0.472423 0.527557 0.000010 0.000010
0.753420 0.246560 0.000010 0.000010
0.999970 0.000010 0.000010 0.000010
0.999970 0.000010 0.000010 0.000010
0.338074 0.000010 0.000010 0.661906
0.663126 0.000010 0.000010 0.336854
0.557435 0.407821 0.034733 0.000010
0.000010 0.000010 0.999970 0.000010
0.715194 0.000010 0.000010 0.284786
0.833656 0.000010 0.000010 0.166324
0.058303 0.323997 0.086283 0.531417
0.233707 0.128750 0.000010 0.637533
0.002232 0.023787 0.000010 0.973971
0.013381 0.036613 0.000010 0.949996
0.999970 0.000010 0.000010 0.000010
0.618090 0.194005 0.141017 0.046889
0.496805 0.503173 0.000012 0.000010
0.920371 0.016438 0.000010 0.063182
0.000010 0.840990 0.000010 0.158990
0.783743 0.216237 0.000010 0.000010
0.367755 0.632224 0.000011 0.000010
0.093455 0.906525 0.000010 0.000010
0.000010 0.000010 0.039647 0.960333
0.000010 0.000012 0.999968 0.000010
0.125995 0.000010 0.246240 0.627755
0.000010 0.000010 0.999970 0.000010
0.965600 0.000010 0.000010 0.034380
0.986069 0.000010 0.000010 0.013911
0.860973 0.070129 0.000010 0.068888
0.787970 0.000010 0.000010 0.212010
0.751985 0.247995 0.000010 0.000010
0.000010 0.000010 0.038196 0.961784
0.618289 0.046733 0.000010 0.334968
