0.000010 0.041917 0.000010 0.000010 0.000010 0.000010 0.444557 0.000010 0.000010 0.000010 0.513436 0.000010
0.000010 0.000010 0.000010 0.000010 0.000010 0.000010 0.000010 0.000010 0.000010 0.000010 0.999890 0.000010
0.000010 0.000010 0.000010 0.000010 0.000010 0.610183 0.000010 0.000010 0.000010 0.000010 0.389717 0.000010
0.000010 0.000010 0.000010 0.000010 0.000010 0.000010 0.999890 0.000010 0.000010 0.000010 0.000010 0.000010
0.000010 0.000010 0.000010 0.000010 0.000010 0.000010 0.151258 0.000010 0.000010 0.044066 0.804586 0.000010
0.000010 0.000010 0.000010 0.000010 0.000010 0.000010 0.009979 0.000010 0.781341 0.000010 0.208591 0.000010
0.000010 0.000010 0.000010 0.000010 0.000015 0.214447 0.034758 0.000013 0.000010 0.029570 0.721136 0.000010
0.000010 0.000010 0.000010 0.000010 0.000010 0.000010 0.000010 0.000010 0.999890 0.000010 0.000010 0.000010
0.000010 0.000010 0.999878 0.000010 0.000016 0.000016 0.000010 0.000010 0.000010 0.000010 0.000010 0.000010
0.000010 0.000010 0.000010 0.000010 0.000010 0.000010 0.000010 0.000010 0.999890 0.000010 0.000010 0.000010
0.000010 0.000010 0.000010 0.000010 0.000010 0.000010 0.000010 0.000010 0.999890 0.000010 0.000010 0.000010
0.000010 0.377154 0.000010 0.000010 0.000010 0.000010 0.605419 0.000010 0.000010 0.017337 0.000010 0.000010
0.000010 0.173915 0.000010 0.573548 0.000010 0.000010 0.000010 0.000010 0.000010 0.000010 0.252448 0.000010
0.000010 0.000010 0.000010 0.589582 0.000010 0.000010 0.000010 0.000010 0.410318 0.000010 0.000010 0.000010
0.000010 0.000010 0.000010 0.736581 0.000010 0.000010 0.000010 0.000010 0.263319 0.000010 0.000010 0.000010
0.000010 0.225088 0.000010 0.000010 0.000010 0.000010 0.000010 0.000010 0.500979 0.000010 0.273843 0.000010
0.000010 0.211360 0.000010 0.000010 0.000010 0.000010 0.045033 0.000010 0.588937 0.000010 0.154590 0.000010
0.000010 0.213218 0.000010 0.354410 0.000010 0.000010 0.000010 0.000010 0.432282 0.000010 0.000010 0.000010
0.000010 0.000010 0.000010 0.000010 0.000010 0.000010 0.000012 0.000010 0.796400 0.000010 0.203498 0.000010
0.000010 0.192085 0.000010 0.554064 0.000010 0.000010 0.000010 0.000010 0.000010 0.000010 0.253761 0.000010
0.000010 0.000010 0.000010 0.276902 0.000010 0.000010 0.000010 0.000010 0.722998 0.000010 0.000010 0.000010
0.000010 0.000010 0.000010 0.250484 0.000010 0.000010 0.031054 0.000010 0.613169 0.000010 0.105213 0.000010
0.000010 0.501272 0.000010 0.000010 0.000010 0.000010 0.000010 0.000010 0.000010 0.305684 0.079751 0.113213
0.000010 0.000010 0.000010 0.135233 0.000010 0.000010 0.052282 0.000010 0.658777 0.000010 0.153628 0.000010
0.100452 0.000010 0.899448 0.000010 0.000010 0.000010 0.000010 0.000010 0.000010 0.000010 0.000010 0.000010
0.000010 0.000010 0.000010 0.000010 0.000010 0.000010 0.000010 0.999890 0.000010 0.000010 0.000010 0.000010
0.000010 0.000010 0.000010 0.000010 0.999890 0.000010 0.000010 0.000010 0.000010 0.000010 0.000010 0.000010
0.000010 0.000010 0.000010 0.000010 0.000010 0.000010 0.999890 0.000010 0.000010 0.000010 0.000010 0.000010
0.000010 0.000010 0.000010 0.000010 0.999890 0.000010 0.000010 0.000010 0.000010 0.000010 0.000010 0.000010
0.000010 0.000010 0.000010 0.999881 0.000010 0.000010 0.000010 0.000018 0.000010 0.000010 0.000010 0.000010
0.000010 0.000010 0.000010 0.229805 0.000010 0.000010 0.000010 0.000010 0.770095 0.000010 0.000010 0.000010
0.000010 0.000010 0.000010 0.000010 0.999890 0.000010 0.000010 0.000010 0.000010 0.000010 0.000010 0.000010
0.000010 0.000010 0.000010 0.000010 0.999890 0.000010 0.000010 0.000010 0.000010 0.000010 0.000010 0.000010
0.149995 0.000010 0.500620 0.000010 0.340783 0.000010 0.000010 0.000010 0.000010 0.008523 0.000010 0.000010
0.000010 0.000010 0.000010 0.156546 0.000010 0.000010 0.000010 0.843354 0.000010 0.000010 0.000010 0.000010
0.000010 0.000010 0.000010 0.000010 0.999890 0.000010 0.000010 0.000010 0.000010 0.000010 0.000010 0.000010
0.000010 0.083170 0.000010 0.331119 0.000010 0.000010 0.000010 0.433613 0.053759 0.000010 0.098269 0.000010
0.000010 0.000010 0.000010 0.000020 0.000010 0.000010 0.000010 0.999880 0.000010 0.000010 0.000010 0.000010
0.000010 0.000010 0.000010 0.999890 0.000010 0.000010 0.000010 0.000010 0.000010 0.000010 0.000010 0.000010
0.000010 0.000010 0.000010 0.348288 0.000010 0.000010 0.000010 0.000010 0.438373 0.000010 0.163387 0.049871
0.000010 0.000010 0.000010 0.000010 0.999890 0.000010 0.000010 0.000010 0.000010 0.000010 0.000010 0.000010
0.000010 0.000010 0.999888 0.000010 0.000012 0.000010 0.000010 0.000010 0.000010 0.000010 0.000010 0.000010
0.000010 0.000010 0.000010 0.000010 0.000010 0.000010 0.000010 0.999890 0.000010 0.000010 0.000010 0.000010
0.000010 0.000010 0.999890 0.000010 0.000010 0.000010 0.000010 0.000010 0.000010 0.000010 0.000010 0.000010
0.000010 0.000010 0.000010 0.000010 0.000010 0.000010 0.000010 0.999890 0.000010 0.000010 0.000010 0.000010
0.000010 0.000010 0.698899 0.000010 0.000010 0.000010 0.000010 0.301001 0.000010 0.000010 0.000010 0.000010
0.000010 0.000010 0.000010 0.000010 0.999890 0.000010 0.000010 0.000010 0.000010 0.000010 0.000010 0.000010
0.000010 0.000010 0.000010 0.000010 0.999890 0.000010 0.000010 0.000010 0.000010 0.000010 0.000010 0.000010
0.000010 0.000010 0.000015 0.087102 0.912794 0.000010 0.000010 0.000010 0.000010 0.000010 0.000010 0.000010
0.000010 0.000010 0.000010 0.000010 0.999890 0.000010 0.000010 0.000010 0.000010 0.000010 0.000010 0.000010
0.000010 0.000010 0.999890 0.000010 0.000010 0.000010 0.000010 0.000010 0.000010 0.000010 0.000010 0.000010
0.000010 0.000010 0.999889 0.000010 0.000010 0.000010 0.000010 0.000010 0.000010 0.000011 0.000010 0.000010
0.000010 0.000010 0.000010 0.170783 0.000010 0.000010 0.000010 0.829117 0.000010 0.000010 0.000010 0.000010
0.000010 0.000010 0.000010 0.000010 0.999890 0.000010 0.000010 0.000010 0.000010 0.000010 0.000010 0.000010
0.000010 0.000010 0.000015 0.000010 0.999885 0.000010 0.000010 0.000010 0.000010 0.000010 0.000010 0.000010
0.000010 0.000010 0.000010 0.000010 0.999890 0.000010 0.000010 0.000010 0.000010 0.000010 0.000010 0.000010
0.000010 0.158889 0.000010 0.000010 0.000010 0.000010 0.000010 0.841011 0.000010 0.000010 0.000010 0.000010
0.000010 0.000010 0.000010 0.000010 0.999890 0.000010 0.000010 0.000010 0.000010 0.000010 0.000010 0.000010
0.000010 0.000010 0.000010 0.000010 0.999890 0.000010 0.000010 0.000010 0.000010 0.000010 0.000010 0.000010
0.000010 0.000010 0.000010 0.000010 0.999890 0.000010 0.000010 0.000010 0.000010 0.000010 0.000010 0.000010
0.000010 0.000010 0.999890 0.000010 0.000010 0.000010 0.000010 0.000010 0.000010 0.000010 0.000010 0.000010
0.000010 0.000010 0.999890 0.000010 0.000010 0.000010 0.000010 0.000010 0.000010 0.000010 0.000010 0.000010
0.000010 0.000010 0.999890 0.000010 0.000010 0.000010 0.000010 0.000010 0.000010 0.000010 0.000010 0.000010
0.000010 0.000010 0.999890 0.000010 0.000010 0.000010 0.000010 0.000010 0.000010 0.000010 0.000010 0.000010
0.000010 0.000010 0.999890 0.000010 0.000010 0.000010 0.000010 0.000010 0.000010 0.000010 0.000010 0.000010
0.000010 0.000010 0.999890 0.000010 0.000010 0.000010 0.000010 0.000010 0.000010 0.000010 0.000010 0.000010
0.103157 0.000010 0.028709 0.000010 0.000010 0.127325 0.000010 0.000010 0.717885 0.000010 0.015764 0.007101
0.000010 0.000010 0.000010 0.634008 0.000010 0.163608 0.000010 0.000010 0.202294 0.000010 0.000010 0.000010
0.000010 0.000010 0.000010 0.000010 0.000010 0.000010 0.000010 0.000010 0.999890 0.000010 0.000010 0.000010
0.000010 0.000010 0.000010 0.000010 0.000010 0.000010 0.000010 0.000010 0.999890 0.000010 0.000010 0.000010
0.000010 0.062595 0.000010 0.000012 0.000010 0.000010 0.000010 0.000010 0.682467 0.000010 0.254846 0.000010
0.000010 0.000010 0.000010 0.000010 0.000010 0.000010 0.637312 0.000010 0.000010 0.000010 0.362588 0.000010
0.000010 0.024345 0.000010 0.000010 0.000010 0.000010 0.182319 0.000010 0.000010 0.373561 0.293087 0.126619
0.000010 0.146771 0.000010 0.000010 0.000010 0.195712 0.000010 0.000010 0.000010 0.000010 0.657427 0.000010
0.000010 0.317483 0.000010 0.000010 0.000010 0.000010 0.000010 0.000010 0.000010 0.000010 0.403589 0.278838
0.000010 0.042124 0.000010 0.000010 0.000010 0.000010 0.000013 0.000010 0.000010 0.000010 0.957774 0.000010
0.000010 0.310670 0.000010 0.000010 0.000010 0.000010 0.000010 0.000010 0.000010 0.000010 0.409136 0.280104
0.000010 0.397225 0.000010 0.000010 0.000010 0.027366 0.000010 0.000010 0.000010 0.000010 0.575319 0.000010
0.000010 0.000010 0.000010 0.000010 0.000010 0.000010 0.000010 0.000010 0.000010 0.000010 0.999890 0.000010
0.000010 0.000010 0.000010 0.000010 0.000010 0.037610 0.000010 0.000010 0.000010 0.000010 0.656609 0.305691
0.000010 0.000010 0.000010 0.000010 0.000010 0.000010 0.192728 0.000010 0.098369 0.000010 0.708813 0.000010
0.000010 0.000010 0.000010 0.000010 0.000010 0.289454 0.000010 0.000010 0.000010 0.414914 0.035939 0.259614
0.000010 0.000010 0.000010 0.000010 0.000010 0.604958 0.000010 0.000010 0.000010 0.110321 0.000010 0.284631
0.382571 0.000010 0.000010 0.000010 0.010977 0.413684 0.000010 0.000010 0.000010 0.000010 0.139162 0.053536
0.000010 0.000010 0.000010 0.000010 0.000010 0.000010 0.000012 0.000010 0.565158 0.000010 0.434740 0.000010
0.000010 0.079674 0.000010 0.000010 0.000010 0.000010 0.000010 0.000010 0.000010 0.000010 0.920226 0.000010
0.000010 0.045632 0.000010 0.000010 0.000010 0.000010 0.182230 0.000010 0.000010 0.273071 0.498987 0.000010
0.000010 0.000010 0.000010 0.000010 0.000010 0.000010 0.000010 0.000010 0.000010 0.000010 0.999890 0.000010
0.000010 0.000011 0.000010 0.000010 0.000010 0.000010 0.000010 0.000010 0.900854 0.000010 0.054547 0.044508
0.000010 0.000010 0.000010 0.000010 0.000010 0.000010 0.644498 0.000010 0.000010 0.000010 0.355402 0.000010
0.157404 0.000010 0.000010 0.000010 0.004225 0.000010 0.622639 0.000010 0.000010 0.215652 0.000010 0.000010
0.176743 0.259694 0.000010 0.000010 0.000010 0.000010 0.000010 0.000010 0.000010 0.563473 0.000010 0.000010
0.000010 0.999890 0.000010 0.000010 0.000010 0.000010 0.000010 0.000010 0.000010 0.000010 0.000010 0.000010
0.044745 0.000010 0.000010 0.000010 0.000010 0.000010 0.153911 0.000010 0.000010 0.769744 0.000010 0.031519
0.000010 0.000010 0.000010 0.000010 0.000010 0.000010 0.864769 0.000010 0.000010 0.000010 0.135131 0.000010
0.000010 0.000010 0.000010 0.000010 0.000010 0.000010 0.217958 0.000010 0.000010 0.052107 0.729845 0.000010
0.000010 0.252250 0.000010 0.000010 0.000010 0.144205 0.000010 0.000010 0.000010 0.198206 0.109195 0.296074
0.000010 0.243632 0.000010 0.000010 0.000010 0.000010 0.000010 0.000010 0.000010 0.198980 0.557298 0.000010
0.000010 0.134362 0.000010 0.000010 0.000010 0.000010 0.000010 0.000010 0.000010 0.326992 0.538556 0.000010
0.000010 0.999890 0.000010 0.000010 0.000010 0.000010 0.000010 0.000010 0.000010 0.000010 0.000010 0.000010
0.000010 0.000010 0.000010 0.000010 0.000010 0.000010 0.000010 0.000010 0.000010 0.663702 0.336198 0.000010
0.000010 0.000010 0.000010 0.000010 0.000010 0.000010 0.665760 0.000010 0.000010 0.000010 0.334140 0.000010
0.000010 0.000010 0.000010 0.000010 0.000010 0.000010 0.999890 0.000010 0.000010 0.000010 0.000010 0.000010
0.302443 0.116796 0.000010 0.000010 0.000010 0.000010 0.000010 0.000010 0.000010 0.580671 0.000010 0.000010
0.000010 0.000010 0.000010 0.000010 0.000010 0.000010 0.000010 0.000010 0.000010 0.999890 0.000010 0.000010
0.000010 0.000010 0.000010 0.000010 0.000010 0.000010 0.830454 0.000010 0.000010 0.000010 0.169446 0.000010
0.055775 0.000010 0.000010 0.000010 0.000010 0.000010 0.371226 0.000010 0.000010 0.158632 0.328167 0.086130
0.044198 0.727969 0.000010 0.000010 0.000010 0.000010 0.000010 0.000010 0.000010 0.227743 0.000010 0.000010
0.000010 0.316494 0.000010 0.000010 0.000010 0.000010 0.683406 0.000010 0.000010 0.000010 0.000010 0.000010
0.424292 0.000010 0.000010 0.000010 0.000010 0.000010 0.000010 0.000010 0.000010 0.575608 0.000010 0.000010
0.000010 0.006289 0.000010 0.000010 0.000010 0.000010 0.306852 0.000010 0.476026 0.210753 0.000010 0.000010
0.000010 0.000010 0.000010 0.000010 0.031879 0.000010 0.651804 0.000010 0.000010 0.017872 0.298365 0.000010
0.000010 0.424076 0.000010 0.000010 0.000010 0.000010 0.021332 0.000010 0.000010 0.554502 0.000010 0.000010
0.000010 0.600820 0.230138 0.000010 0.000010 0.000010 0.000010 0.000010 0.000010 0.000010 0.000010 0.168952
0.000010 0.000010 0.000010 0.000010 0.000010 0.275729 0.000010 0.000010 0.000010 0.275355 0.448826 0.000010
0.000010 0.000010 0.000010 0.000010 0.000010 0.000010 0.000010 0.000010 0.824955 0.000010 0.174945 0.000010
0.000010 0.000010 0.086354 0.000010 0.000010 0.126289 0.065291 0.000010 0.583660 0.073970 0.064376 0.000010
0.465981 0.000010 0.000010 0.000010 0.000010 0.000010 0.116247 0.000010 0.000010 0.417682 0.000010 0.000010
0.069651 0.610259 0.000010 0.000010 0.000010 0.000010 0.000010 0.000010 0.000010 0.117448 0.000010 0.202563
0.000010 0.558431 0.000010 0.000010 0.000010 0.000010 0.213953 0.000010 0.000010 0.227526 0.000010 0.000010
0.005345 0.000010 0.000010 0.000010 0.000010 0.000010 0.493411 0.000010 0.000010 0.185975 0.315188 0.000010
0.000010 0.999887 0.000010 0.000010 0.000010 0.000010 0.000010 0.000010 0.000010 0.000013 0.000010 0.000010
0.000010 0.000010 0.000010 0.000010 0.000010 0.000010 0.999890 0.000010 0.000010 0.000010 0.000010 0.000010
0.999890 0.000010 0.000010 0.000010 0.000010 0.000010 0.000010 0.000010 0.000010 0.000010 0.000010 0.000010
0.000010 0.145124 0.000010 0.000010 0.000010 0.023723 0.000010 0.000010 0.000010 0.100376 0.527006 0.203702
0.000010 0.000010 0.000010 0.000010 0.000010 0.000010 0.000010 0.000010 0.000010 0.000010 0.910955 0.088945
0.000010 0.143979 0.000010 0.000010 0.000010 0.000010 0.023221 0.000010 0.487557 0.195331 0.149843 0.000010
0.000010 0.081267 0.000010 0.000010 0.000010 0.000010 0.059575 0.000010 0.000010 0.000010 0.859069 0.000010
0.684206 0.025126 0.000010 0.000010 0.000010 0.290579 0.000010 0.000010 0.000010 0.000010 0.000010 0.000010
0.000010 0.385000 0.000010 0.000010 0.000010 0.614900 0.000010 0.000010 0.000010 0.000010 0.000010 0.000010
0.999890 0.000010 0.000010 0.000010 0.000010 0.000010 0.000010 0.000010 0.000010 0.000010 0.000010 0.000010
0.000010 0.026277 0.000010 0.000010 0.000010 0.000010 0.000010 0.000010 0.000010 0.441745 0.531888 0.000010
0.000010 0.000010 0.000010 0.000010 0.000010 0.000010 0.999890 0.000010 0.000010 0.000010 0.000010 0.000010
0.000010 0.026986 0.000010 0.000010 0.000010 0.000010 0.877172 0.000010 0.000010 0.000010 0.095752 0.000010
0.000010 0.999890 0.000010 0.000010 0.000010 0.000010 0.000010 0.000010 0.000010 0.000010 0.000010 0.000010
0.000010 0.244145 0.000010 0.000010 0.000010 0.000010 0.690445 0.000010 0.000010 0.000010 0.065320 0.000010
0.000010 0.000010 0.000010 0.000010 0.000010 0.000010 0.878143 0.000010 0.000010 0.121757 0.000010 0.000010
0.000010 0.331252 0.026546 0.000010 0.000010 0.000010 0.000010 0.000010 0.000010 0.435145 0.206977 0.000010
0.000010 0.000010 0.000010 0.000010 0.000010 0.251734 0.000010 0.000010 0.000010 0.000010 0.748166 0.000010
0.482393 0.000010 0.000010 0.000010 0.000010 0.353937 0.000010 0.000010 0.000010 0.163579 0.000010 0.000010
0.000010 0.053504 0.000010 0.531351 0.000010 0.000010 0.000010 0.000010 0.070103 0.000010 0.344962 0.000010
0.141011 0.219062 0.000010 0.000010 0.000010 0.435710 0.000010 0.000010 0.000010 0.000010 0.073132 0.131015
0.000010 0.000010 0.000010 0.000010 0.000010 0.000010 0.000010 0.000010 0.262685 0.401245 0.220231 0.115759
0.005360 0.049655 0.000010 0.000010 0.000010 0.155533 0.789372 0.000010 0.000010 0.000010 0.000010 0.000010
0.000010 0.000010 0.000014 0.194258 0.000010 0.000010 0.000010 0.015290 0.144383 0.395884 0.250111 0.000010
0.000010 0.000010 0.000010 0.000010 0.000010 0.000010 0.000010 0.000010 0.000010 0.999890 0.000010 0.000010
0.000010 0.000010 0.000010 0.000010 0.000010 0.000010 0.000010 0.000010 0.000010 0.999890 0.000010 0.000010
0.000010 0.000010 0.000010 0.191143 0.000010 0.083983 0.000010 0.000010 0.000010 0.000010 0.724784 0.000010
0.000010 0.000010 0.000010 0.000010 0.000010 0.000010 0.411341 0.000010 0.000010 0.552460 0.000010 0.036109
0.198623 0.015877 0.024766 0.000010 0.000010 0.458202 0.000010 0.015779 0.000010 0.000010 0.286693 0.000010
0.000010 0.000010 0.000010 0.000010 0.000010 0.000010 0.999890 0.000010 0.000010 0.000010 0.000010 0.000010
0.000010 0.000010 0.000010 0.464054 0.000010 0.000010 0.000010 0.000010 0.000010 0.098237 0.437620 0.000010
0.000010 0.000010 0.000010 0.236591 0.000010 0.734530 0.000010 0.000010 0.000010 0.028789 0.000010 0.000010
0.000010 0.000010 0.000010 0.000010 0.000010 0.000010 0.000010 0.000010 0.000010 0.546154 0.453746 0.000010
0.000010 0.076346 0.000010 0.000010 0.000010 0.041339 0.170269 0.000010 0.000010 0.000010 0.711966 0.000010
0.000010 0.149848 0.000010 0.000010 0.000010 0.000010 0.000010 0.000010 0.478167 0.292889 0.079016 0.000010
0.000010 0.043307 0.000010 0.312803 0.000010 0.000010 0.000010 0.000010 0.643801 0.000010 0.000010 0.000010
0.000010 0.000010 0.000010 0.000010 0.000010 0.000010 0.000010 0.000010 0.094082 0.000010 0.505877 0.399952
0.000010 0.000010 0.000010 0.759531 0.000010 0.000010 0.000010 0.000010 0.000010 0.000010 0.240369 0.000010
0.000010 0.000010 0.000010 0.000010 0.000010 0.000010 0.142011 0.000010 0.000010 0.441884 0.416015 0.000010
0.000010 0.000010 0.000010 0.000010 0.000010 0.000010 0.393729 0.000010 0.000010 0.000010 0.606171 0.000010
0.000010 0.000010 0.000010 0.000010 0.000010 0.000010 0.000010 0.000010 0.000010 0.645308 0.354592 0.000010
0.000010 0.085906 0.000010 0.000010 0.000010 0.000010 0.846885 0.000010 0.000010 0.000010 0.067118 0.000010
0.000010 0.130861 0.000010 0.000010 0.000010 0.175857 0.112825 0.000010 0.000010 0.000010 0.280753 0.299634
0.000010 0.179649 0.000010 0.090009 0.000010 0.118981 0.205192 0.000010 0.000010 0.000010 0.023766 0.382343
0.000010 0.000010 0.000010 0.000010 0.000010 0.000010 0.000010 0.000010 0.000010 0.506956 0.492944 0.000010
0.000010 0.207863 0.000010 0.000010 0.000010 0.000010 0.000010 0.000010 0.000010 0.792037 0.000010 0.000010
0.000010 0.000010 0.000010 0.000010 0.000010 0.000010 0.008401 0.000010 0.000010 0.411273 0.580236 0.000010
0.000010 0.000010 0.000010 0.000010 0.000010 0.000010 0.000010 0.000010 0.000010 0.013696 0.986204 0.000010
0.000010 0.815912 0.000010 0.000010 0.000010 0.000010 0.000010 0.000010 0.000010 0.000010 0.183988 0.000010
0.000010 0.999890 0.000010 0.000010 0.000010 0.000010 0.000010 0.000010 0.000010 0.000010 0.000010 0.000010
0.000010 0.427976 0.000010 0.000010 0.000010 0.000010 0.571924 0.000010 0.000010 0.000010 0.000010 0.000010
0.000010 0.049968 0.000010 0.000010 0.000010 0.418223 0.000010 0.000010 0.000010 0.135503 0.396226 0.000010
0.186056 0.000010 0.000010 0.000010 0.000010 0.665750 0.000010 0.000010 0.000010 0.148104 0.000010 0.000010
0.410668 0.000010 0.000010 0.000010 0.000010 0.373985 0.000010 0.000010 0.000010 0.077995 0.000010 0.137272
0.156694 0.000010 0.000010 0.000010 0.000010 0.803160 0.000010 0.000010 0.000010 0.040056 0.000010 0.000010
0.000010 0.000010 0.000010 0.000010 0.000010 0.521235 0.000010 0.000010 0.000010 0.000010 0.478664 0.000010
0.000010 0.276378 0.000010 0.000010 0.000010 0.000010 0.000010 0.000010 0.000010 0.000010 0.723522 0.000010
0.000010 0.000010 0.000011 0.000010 0.999889 0.000010 0.000010 0.000010 0.000010 0.000010 0.000010 0.000010
0.000010 0.030000 0.000010 0.000010 0.079362 0.252588 0.093240 0.000010 0.000010 0.000010 0.298523 0.246228
0.000010 0.130509 0.000010 0.000010 0.000010 0.000314 0.017431 0.000010 0.000010 0.301670 0.550005 0.000010
0.000010 0.189926 0.000010 0.000010 0.000010 0.444801 0.000010 0.000010 0.000010 0.000010 0.365183 0.000010
0.000010 0.044701 0.000010 0.000010 0.000010 0.088058 0.000010 0.000010 0.000010 0.000010 0.867151 0.000010
0.000010 0.000010 0.000010 0.000010 0.000010 0.000010 0.000010 0.000010 0.000010 0.999890 0.000010 0.000010
0.012015 0.000010 0.000010 0.000010 0.000010 0.000010 0.000010 0.000010 0.000010 0.736337 0.251559 0.000010
0.000010 0.000010 0.000010 0.004607 0.000010 0.000010 0.000010 0.000010 0.156034 0.531621 0.218181 0.089486
0.000010 0.000010 0.000010 0.000010 0.000010 0.000010 0.822221 0.000010 0.000010 0.000010 0.177679 0.000010
0.034506 0.057832 0.000010 0.000010 0.000010 0.000010 0.140806 0.000010 0.000010 0.766776 0.000010 0.000010
0.000010 0.000012 0.000010 0.000010 0.000010 0.000010 0.999886 0.000010 0.000010 0.000012 0.000010 0.000010
0.000010 0.848043 0.000010 0.000010 0.000010 0.000010 0.151857 0.000010 0.000010 0.000010 0.000010 0.000010
0.000010 0.053574 0.000010 0.000010 0.000010 0.000010 0.946326 0.000010 0.000010 0.000010 0.000010 0.000010
0.000010 0.000010 0.000010 0.000010 0.000010 0.000010 0.675941 0.000010 0.000010 0.097405 0.226564 0.000010
0.000010 0.000010 0.000010 0.000010 0.000010 0.000010 0.166642 0.000010 0.000010 0.141083 0.692185 0.000010
0.074410 0.150226 0.000010 0.000010 0.000010 0.000010 0.000010 0.000010 0.000010 0.534578 0.240705 0.000010
0.000010 0.000010 0.000010 0.184605 0.000010 0.000010 0.000010 0.000010 0.217959 0.281919 0.269515 0.045932
0.000010 0.161195 0.000010 0.000010 0.000010 0.465918 0.000010 0.000010 0.000010 0.000010 0.372797 0.000010
0.831836 0.104599 0.000010 0.000010 0.000010 0.062614 0.000010 0.000010 0.000010 0.000010 0.000871 0.000010
0.000010 0.999890 0.000010 0.000010 0.000010 0.000010 0.000010 0.000010 0.000010 0.000010 0.000010 0.000010
0.582084 0.288540 0.000010 0.000010 0.000010 0.000010 0.000010 0.000010 0.000010 0.000010 0.129285 0.000010
0.000010 0.999882 0.000010 0.000010 0.000010 0.000015 0.000010 0.000010 0.000010 0.000013 0.000010 0.000010
0.000010 0.000010 0.000010 0.000010 0.000019 0.072898 0.000010 0.000010 0.234031 0.148183 0.544799 0.000010
0.000010 0.134635 0.000010 0.000010 0.000010 0.000010 0.234381 0.000010 0.000010 0.374115 0.150597 0.106202
0.000010 0.116697 0.000010 0.000010 0.000010 0.000010 0.000010 0.000010 0.319804 0.000010 0.563409 0.000010
0.000010 0.435877 0.000010 0.000010 0.000010 0.122403 0.000010 0.000010 0.000010 0.000010 0.320115 0.121526
0.000010 0.000010 0.000010 0.000010 0.000010 0.000010 0.999890 0.000010 0.000010 0.000010 0.000010 0.000010
0.000010 0.000010 0.000010 0.000010 0.000012 0.462832 0.000010 0.000010 0.000010 0.000012 0.537063 0.000010
0.136643 0.075722 0.000010 0.000010 0.000010 0.000010 0.001802 0.000010 0.000010 0.000010 0.255496 0.530267
0.000010 0.000010 0.000010 0.752014 0.000010 0.000010 0.247886 0.000010 0.000010 0.000010 0.000010 0.000010
0.059013 0.000010 0.000010 0.000010 0.000010 0.000010 0.046703 0.000010 0.689355 0.204849 0.000010 0.000010
0.000010 0.000010 0.000010 0.000010 0.000010 0.000010 0.380083 0.000010 0.000010 0.619817 0.000010 0.000010
0.000014 0.000013 0.000010 0.000010 0.000011 0.000010 0.045765 0.000010 0.068317 0.279765 0.606065 0.000010
0.000010 0.000010 0.000010 0.999890 0.000010 0.000010 0.000010 0.000010 0.000010 0.000010 0.000010 0.000010
0.000010 0.231160 0.000010 0.000010 0.000010 0.000010 0.546601 0.000010 0.000010 0.063678 0.158481 0.000010
0.000010 0.070730 0.000010 0.000010 0.000010 0.000010 0.000010 0.000010 0.000010 0.000010 0.790559 0.138621
0.000010 0.000010 0.000010 0.000010 0.000010 0.024742 0.000010 0.000010 0.000010 0.277297 0.697871 0.000010
0.000010 0.000010 0.000010 0.000010 0.000010 0.000010 0.357963 0.000010 0.000010 0.641937 0.000010 0.000010
0.000010 0.000010 0.000010 0.000010 0.000010 0.000010 0.000010 0.000010 0.000010 0.000010 0.920609 0.079291
0.000014 0.000013 0.000017 0.000010 0.000010 0.000010 0.000010 0.000010 0.058286 0.000010 0.941600 0.000010
0.000010 0.000010 0.000010 0.000010 0.000010 0.000010 0.000010 0.000010 0.000012 0.000010 0.999888 0.000010
0.009253 0.000010 0.000010 0.000010 0.000010 0.000010 0.176584 0.000010 0.546353 0.000010 0.267729 0.000010
0.000010 0.000010 0.000010 0.000010 0.000010 0.000010 0.000010 0.000010 0.999890 0.000010 0.000010 0.000010
0.000010 0.000010 0.000010 0.000010 0.000010 0.000010 0.000010 0.000010 0.000010 0.000010 0.999890 0.000010
0.000010 0.000010 0.000010 0.000010 0.000010 0.000010 0.009985 0.000010 0.000010 0.858574 0.131352 0.000010
0.000010 0.000010 0.000010 0.000010 0.000010 0.000010 0.261129 0.000010 0.738771 0.000010 0.000010 0.000010
0.000010 0.022983 0.000010 0.000010 0.000010 0.000010 0.100041 0.000010 0.000010 0.146672 0.464112 0.266122
0.000010 0.000010 0.000010 0.000010 0.000010 0.000010 0.999890 0.000010 0.000010 0.000010 0.000010 0.000010
0.000010 0.346771 0.000010 0.000010 0.000010 0.000010 0.123057 0.000010 0.000010 0.000010 0.379189 0.150902
0.000010 0.000010 0.000010 0.000010 0.000010 0.000010 0.408874 0.000010 0.000010 0.591026 0.000010 0.000010
0.000010 0.160094 0.000010 0.000010 0.000010 0.000010 0.839806 0.000010 0.000010 0.000010 0.000010 0.000010
0.041655 0.056003 0.000010 0.000010 0.000010 0.000010 0.018813 0.000010 0.000010 0.026259 0.392747 0.464463
0.000010 0.000010 0.000010 0.000010 0.000010 0.129973 0.057723 0.000011 0.000010 0.475757 0.336467 0.000010
0.616948 0.000010 0.000010 0.000010 0.000010 0.108825 0.049696 0.000010 0.000010 0.000010 0.136318 0.088142
0.748362 0.000010 0.000010 0.000010 0.000010 0.162592 0.000010 0.000010 0.000010 0.088956 0.000010 0.000010
0.000010 0.000010 0.000010 0.000010 0.000010 0.000010 0.435851 0.000010 0.000010 0.000010 0.564049 0.000010
0.000010 0.427906 0.000010 0.000010 0.000010 0.000010 0.049189 0.000010 0.000010 0.000010 0.522815 0.000010
0.000010 0.212515 0.000010 0.000010 0.000010 0.000010 0.000010 0.000010 0.000010 0.000010 0.787385 0.000010
0.000010 0.751593 0.000010 0.000010 0.000010 0.024232 0.000010 0.000010 0.000010 0.000010 0.224085 0.000010
0.000010 0.455873 0.000010 0.000010 0.000010 0.000010 0.362827 0.000010 0.000010 0.067359 0.113861 0.000010
0.882922 0.000010 0.000010 0.000010 0.116978 0.000010 0.000010 0.000010 0.000010 0.000010 0.000010 0.000010
0.000010 0.000010 0.000010 0.000010 0.000010 0.999890 0.000010 0.000010 0.000010 0.000010 0.000010 0.000010
0.000010 0.222215 0.000010 0.000010 0.000010 0.000010 0.239098 0.000010 0.000010 0.000010 0.538597 0.000010
0.696963 0.203516 0.000010 0.000010 0.000010 0.000010 0.000010 0.000010 0.000014 0.000010 0.099428 0.000010
0.925757 0.000010 0.000010 0.000010 0.000010 0.074143 0.000010 0.000010 0.000010 0.000010 0.000010 0.000010
0.100221 0.810109 0.000010 0.000010 0.000010 0.000010 0.062512 0.000010 0.000010 0.000010 0.027078 0.000010
0.679950 0.000010 0.000010 0.000010 0.000010 0.000010 0.000010 0.000010 0.000010 0.000010 0.319950 0.000010
0.833232 0.166664 0.000011 0.000010 0.000010 0.000010 0.000010 0.000012 0.000010 0.000010 0.000010 0.000010
0.803115 0.196783 0.000012 0.000010 0.000010 0.000010 0.000010 0.000010 0.000010 0.000010 0.000010 0.000010
0.999890 0.000010 0.000010 0.000010 0.000010 0.000010 0.000010 0.000010 0.000010 0.000010 0.000010 0.000010
0.151799 0.000010 0.000010 0.000010 0.000010 0.672093 0.176018 0.000010 0.000010 0.000010 0.000010 0.000010
0.000010 0.000015 0.000010 0.000010 0.000010 0.610178 0.000010 0.000010 0.000010 0.000010 0.389717 0.000010
0.000010 0.000010 0.078620 0.186202 0.000010 0.551199 0.000010 0.106247 0.000010 0.000010 0.000010 0.077663
0.000010 0.475100 0.000010 0.000010 0.000010 0.524800 0.000010 0.000010 0.000010 0.000010 0.000010 0.000010
0.728289 0.271611 0.000010 0.000010 0.000010 0.000010 0.000010 0.000010 0.000010 0.000010 0.000010 0.000010
0.186519 0.383199 0.000010 0.000010 0.000018 0.417869 0.000010 0.000010 0.000010 0.000010 0.012325 0.000010
0.000010 0.154953 0.000010 0.000010 0.000010 0.642205 0.154063 0.000010 0.000010 0.000010 0.048699 0.000010
0.000010 0.179635 0.000010 0.000010 0.000010 0.236940 0.000010 0.000010 0.000010 0.000010 0.583335 0.000010
0.000010 0.065467 0.000010 0.000010 0.000010 0.528876 0.000010 0.000010 0.000010 0.000010 0.405567 0.000010
0.000010 0.000010 0.000010 0.000010 0.000010 0.000010 0.016710 0.000010 0.000010 0.664138 0.319063 0.000010
0.000010 0.000010 0.000010 0.000010 0.000010 0.129416 0.000010 0.000010 0.035712 0.544771 0.290021 0.000010
0.375869 0.330046 0.000010 0.000010 0.000010 0.000010 0.000010 0.000010 0.000010 0.293995 0.000010 0.000010
0.000010 0.000010 0.000010 0.000010 0.000010 0.000010 0.000010 0.000010 0.000010 0.631821 0.368079 0.000010
0.000010 0.338313 0.000010 0.000010 0.000010 0.414723 0.000010 0.000010 0.000010 0.000010 0.246875 0.000010
0.000012 0.332677 0.000010 0.000010 0.000010 0.475241 0.000010 0.000010 0.000010 0.000010 0.191990 0.000010
0.000010 0.000010 0.000010 0.000010 0.000010 0.315648 0.000010 0.000010 0.000010 0.196330 0.142904 0.345039
0.000010 0.242575 0.000010 0.000010 0.000010 0.000010 0.059692 0.000010 0.000010 0.412535 0.285118 0.000010
0.000010 0.385387 0.000010 0.000010 0.000010 0.000010 0.000010 0.095637 0.000010 0.000010 0.518886 0.000010
0.000010 0.165300 0.000010 0.000010 0.000010 0.000010 0.000010 0.000010 0.000010 0.523872 0.310738 0.000010
0.000010 0.076091 0.000010 0.000010 0.000010 0.000010 0.000010 0.000010 0.000010 0.855580 0.068239 0.000010
0.000010 0.000010 0.000010 0.000010 0.000010 0.089644 0.000010 0.000010 0.000010 0.315234 0.526661 0.068382
0.000010 0.000010 0.000010 0.000010 0.000010 0.000010 0.040669 0.000010 0.000010 0.330373 0.628868 0.000010
0.000010 0.000010 0.000010 0.000010 0.000010 0.000010 0.000010 0.000010 0.091911 0.000010 0.907989 0.000010
0.000010 0.000010 0.000010 0.458102 0.000010 0.000010 0.000010 0.000010 0.541798 0.000010 0.000010 0.000010
0.000010 0.000010 0.000010 0.999890 0.000010 0.000010 0.000010 0.000010 0.000010 0.000010 0.000010 0.000010
0.000010 0.000010 0.000010 0.000010 0.000010 0.000010 0.241814 0.000010 0.000010 0.000010 0.758086 0.000010
0.169937 0.000010 0.000010 0.000010 0.000010 0.328078 0.000010 0.000010 0.447509 0.000010 0.000010 0.054397
0.000010 0.000010 0.000010 0.000010 0.000010 0.000010 0.699543 0.000010 0.035762 0.069320 0.195295 0.000010
0.000010 0.165561 0.000011 0.000014 0.000010 0.392905 0.057265 0.000010 0.000010 0.000010 0.384185 0.000010
0.000010 0.000010 0.000010 0.000010 0.000010 0.000010 0.000010 0.000010 0.000010 0.000010 0.760328 0.239572
0.000010 0.067446 0.000010 0.000010 0.000010 0.000010 0.000010 0.000010 0.000010 0.000010 0.932454 0.000010
0.000010 0.202897 0.000010 0.000010 0.000010 0.000010 0.000010 0.000010 0.000010 0.000010 0.797003 0.000010
0.000010 0.075940 0.000010 0.000010 0.000010 0.036698 0.000010 0.000010 0.000010 0.000010 0.887272 0.000010
0.000010 0.277976 0.000010 0.000010 0.000010 0.556045 0.000010 0.000010 0.000010 0.000010 0.165889 0.000010
0.000010 0.170697 0.000010 0.000010 0.000010 0.563192 0.000010 0.000010 0.000010 0.000010 0.266022 0.000010
0.000010 0.000010 0.000010 0.000010 0.000010 0.999890 0.000010 0.000010 0.000010 0.000010 0.000010 0.000010
0.000010 0.026347 0.000010 0.000010 0.000010 0.535683 0.000010 0.000010 0.000010 0.000010 0.437880 0.000010
0.000010 0.264274 0.000010 0.000010 0.000010 0.476973 0.000010 0.000010 0.000010 0.000010 0.258663 0.000010
0.000010 0.000010 0.000010 0.000010 0.000010 0.914510 0.000010 0.000010 0.000010 0.000010 0.085390 0.000010
0.000010 0.000010 0.000010 0.000010 0.000010 0.221289 0.000010 0.000010 0.142256 0.000010 0.004760 0.631614
0.000010 0.000010 0.000010 0.000010 0.000010 0.628007 0.058539 0.000010 0.000010 0.036831 0.276544 0.000010
0.000010 0.000010 0.000010 0.000010 0.000010 0.000010 0.000010 0.000010 0.000010 0.000010 0.538934 0.460966
0.049483 0.000010 0.039502 0.105343 0.000010 0.400479 0.000010 0.000010 0.000010 0.000010 0.000010 0.405123
0.000010 0.000010 0.000010 0.000010 0.000010 0.000019 0.000010 0.000010 0.000010 0.000010 0.285344 0.714547
0.000010 0.000010 0.000010 0.000010 0.000010 0.000010 0.000010 0.000010 0.000010 0.000010 0.000010 0.999890
0.000010 0.000010 0.000010 0.000010 0.000010 0.000010 0.000010 0.000010 0.000010 0.000010 0.000010 0.999890
0.000010 0.000010 0.000010 0.000010 0.000010 0.000017 0.000010 0.000010 0.000010 0.000010 0.000010 0.999883
0.000010 0.000010 0.000010 0.000010 0.000010 0.000010 0.000010 0.000010 0.000010 0.000010 0.000010 0.999890
0.000010 0.000010 0.000010 0.000010 0.000010 0.000010 0.000010 0.000010 0.000010 0.000010 0.000010 0.999890
0.000017 0.121335 0.000010 0.000010 0.000010 0.000015 0.000010 0.000010 0.000010 0.374161 0.000010 0.504403
0.000010 0.220058 0.000010 0.000010 0.000010 0.000010 0.000010 0.000010 0.000010 0.000010 0.000010 0.779842
0.000010 0.000010 0.000010 0.000010 0.000010 0.000010 0.000010 0.000010 0.000010 0.000010 0.562675 0.437225
0.000010 0.111994 0.000010 0.000010 0.000010 0.040266 0.000010 0.000010 0.139932 0.000010 0.633542 0.074195
0.000010 0.000010 0.000010 0.879965 0.000010 0.000010 0.000010 0.000010 0.000010 0.000010 0.119935 0.000010
0.000010 0.016350 0.000010 0.297658 0.000010 0.000010 0.000010 0.000010 0.685902 0.000010 0.000010 0.000010
0.047456 0.264239 0.000010 0.000010 0.000010 0.000010 0.053246 0.000010 0.000010 0.126824 0.073962 0.434213
0.000010 0.000010 0.000010 0.000010 0.999890 0.000010 0.000010 0.000010 0.000010 0.000010 0.000010 0.000010
0.000010 0.000010 0.000010 0.313193 0.000010 0.000010 0.000010 0.000010 0.686707 0.000010 0.000010 0.000010
0.000010 0.000010 0.000010 0.000010 0.000010 0.000010 0.000010 0.000010 0.945928 0.000010 0.053972 0.000010
0.113136 0.000010 0.000010 0.000010 0.000010 0.000010 0.039842 0.585832 0.000010 0.163931 0.000010 0.097189
0.000010 0.189534 0.000010 0.000010 0.000010 0.000010 0.000010 0.675405 0.000010 0.000010 0.134971 0.000010
0.000010 0.000010 0.000010 0.000010 0.000010 0.000010 0.000010 0.999890 0.000010 0.000010 0.000010 0.000010
0.000010 0.000015 0.000012 0.000011 0.000010 0.000010 0.000010 0.999872 0.000020 0.000010 0.000010 0.000010
0.000010 0.000010 0.000010 0.000010 0.000010 0.000010 0.000010 0.000010 0.000010 0.000010 0.999890 0.000010
0.357570 0.000010 0.000010 0.000010 0.000010 0.105514 0.000010 0.000010 0.394019 0.129438 0.013389 0.000010
0.111194 0.000010 0.000010 0.000010 0.000010 0.000010 0.242661 0.000010 0.000010 0.156467 0.489598 0.000010
0.000010 0.000010 0.000010 0.000010 0.000010 0.000010 0.000010 0.000010 0.619523 0.078064 0.302323 0.000010
0.361694 0.000010 0.000010 0.000010 0.000010 0.000010 0.344721 0.000010 0.000010 0.293495 0.000010 0.000010
0.000010 0.506686 0.000010 0.000010 0.000010 0.399996 0.000010 0.000010 0.000010 0.000010 0.093228 0.000010
0.000010 0.000010 0.000010 0.000010 0.000010 0.000010 0.359256 0.000010 0.000010 0.397720 0.242934 0.000010
0.000010 0.021629 0.000010 0.000010 0.000010 0.000010 0.896693 0.000010 0.000010 0.081588 0.000010 0.000010
0.000010 0.000010 0.000010 0.000010 0.000010 0.000010 0.000010 0.999884 0.000010 0.000010 0.000016 0.000010
0.000010 0.000010 0.000010 0.000010 0.999890 0.000010 0.000010 0.000010 0.000010 0.000010 0.000010 0.000010
0.000010 0.000010 0.000010 0.000010 0.069690 0.000010 0.000010 0.767693 0.162527 0.000010 0.000010 0.000010
0.000010 0.000010 0.000010 0.000010 0.999890 0.000010 0.000010 0.000010 0.000010 0.000010 0.000010 0.000010
0.000010 0.004964 0.000010 0.000010 0.000010 0.000013 0.057467 0.000010 0.617506 0.000010 0.319980 0.000010
0.000010 0.000010 0.000010 0.000010 0.000010 0.666171 0.000010 0.000010 0.000010 0.000010 0.333729 0.000010
0.000010 0.004842 0.000010 0.000010 0.000010 0.848911 0.047654 0.000010 0.000010 0.000010 0.098512 0.000010
0.000010 0.000010 0.000010 0.000010 0.000010 0.000010 0.078087 0.142308 0.695287 0.000010 0.084238 0.000010
0.000010 0.000010 0.000010 0.000010 0.000010 0.000010 0.204367 0.000010 0.000010 0.000010 0.795533 0.000010
0.002576 0.000010 0.000010 0.000010 0.086690 0.000010 0.000010 0.910644 0.000010 0.000010 0.000010 0.000010
0.000010 0.000010 0.000010 0.403056 0.000010 0.020098 0.000010 0.000010 0.000010 0.150060 0.298633 0.128083
