0.508611 0.000010 0.000010 0.000010 0.000010 0.000010 0.491329 0.000010
0.999930 0.000010 0.000010 0.000010 0.000010 0.000010 0.000010 0.000010
0.506154 0.000010 0.000010 0.000010 0.493786 0.000010 0.000010 0.000010
0.000010 0.000010 0.000010 0.000010 0.000010 0.000010 0.999930 0.000010
0.766293 0.044312 0.000010 0.000010 0.000010 0.000010 0.189345 0.000010
0.290164 0.000010 0.709776 0.000010 0.000010 0.000010 0.000010 0.000010
0.802193 0.000010 0.000010 0.000010 0.170559 0.000010 0.027198 0.000010
0.128703 0.000010 0.871237 0.000010 0.000010 0.000010 0.000010 0.000010
0.000010 0.000010 0.000010 0.000010 0.000010 0.000010 0.000010 0.999930
0.000010 0.000010 0.999930 0.000010 0.000010 0.000010 0.000010 0.000010
0.020851 0.000010 0.979089 0.000010 0.000010 0.000010 0.000010 0.000010
0.000010 0.393598 0.000010 0.000015 0.000010 0.000010 0.606337 0.000010
0.000010 0.000010 0.712076 0.000010 0.244775 0.000010 0.043099 0.000010
0.000010 0.000010 0.836337 0.163603 0.000010 0.000010 0.000010 0.000010
0.000010 0.000010 0.880552 0.119383 0.000014 0.000010 0.000010 0.000010
0.577002 0.020097 0.366111 0.000010 0.036750 0.000010 0.000010 0.000010
0.265826 0.067581 0.582208 0.000010 0.000010 0.000010 0.084345 0.000010
0.061283 0.000010 0.616401 0.168221 0.154055 0.000010 0.000010 0.000010
0.382238 0.000010 0.617693 0.000010 0.000010 0.000019 0.000010 0.000010
0.084869 0.056761 0.592205 0.048877 0.217258 0.000010 0.000010 0.000010
0.000010 0.000010 0.999930 0.000010 0.000010 0.000010 0.000010 0.000010
0.014475 0.003895 0.916875 0.000010 0.000010 0.000010 0.064715 0.000010
0.278678 0.721262 0.000010 0.000010 0.000010 0.000010 0.000010 0.000010
0.183939 0.000010 0.764060 0.000010 0.000010 0.000010 0.051951 0.000010
0.000010 0.000010 0.000010 0.000010 0.000010 0.000010 0.000010 0.999930
0.000010 0.000010 0.046789 0.953151 0.000010 0.000010 0.000010 0.000010
0.000010 0.000010 0.000010 0.000010 0.000010 0.999930 0.000010 0.000010
0.000010 0.000010 0.000010 0.000010 0.000010 0.000010 0.999930 0.000010
0.000010 0.000010 0.000010 0.000010 0.000010 0.999930 0.000010 0.000010
0.000010 0.000010 0.498284 0.501656 0.000010 0.000010 0.000010 0.000010
0.000010 0.000010 0.999930 0.000010 0.000010 0.000010 0.000010 0.000010
0.000010 0.000010 0.000010 0.000010 0.000010 0.999930 0.000010 0.000010
0.000010 0.000010 0.000010 0.000010 0.000010 0.999930 0.000010 0.000010
0.000010 0.000010 0.000010 0.000010 0.000010 0.251845 0.000010 0.748095
0.000010 0.000010 0.076485 0.923455 0.000010 0.000010 0.000010 0.000010
0.000010 0.000010 0.000010 0.000010 0.000010 0.999930 0.000010 0.000010
0.069965 0.006583 0.282358 0.634820 0.000010 0.000010 0.006244 0.000010
0.052650 0.000010 0.000010 0.911152 0.000010 0.000010 0.000010 0.036148
0.000010 0.000010 0.346796 0.594136 0.000010 0.000010 0.000010 0.059018
0.065459 0.000010 0.887772 0.000010 0.046719 0.000010 0.000010 0.000010
0.000010 0.000010 0.000010 0.000010 0.000010 0.999930 0.000010 0.000010
0.000010 0.000010 0.000010 0.000010 0.000010 0.000010 0.000010 0.999930
0.000013 0.000012 0.000010 0.999925 0.000010 0.000010 0.000010 0.000010
0.000010 0.000010 0.000010 0.322024 0.000010 0.000010 0.000010 0.677916
0.000010 0.000010 0.000010 0.999930 0.000010 0.000010 0.000010 0.000010
0.000010 0.000010 0.000010 0.999930 0.000010 0.000010 0.000010 0.000010
0.000010 0.000010 0.000010 0.000010 0.000010 0.999930 0.000010 0.000010
0.000010 0.000010 0.000010 0.000010 0.000010 0.999930 0.000010 0.000010
0.000010 0.000010 0.041777 0.025977 0.000010 0.921649 0.000010 0.010557
0.000010 0.000010 0.000010 0.000010 0.000010 0.999930 0.000010 0.000010
0.000010 0.000010 0.000010 0.000010 0.000010 0.000010 0.000010 0.999930
0.000010 0.000010 0.000010 0.000010 0.000010 0.000010 0.000010 0.999930
0.000010 0.000010 0.000010 0.999930 0.000010 0.000010 0.000010 0.000010
0.000010 0.000010 0.000010 0.000010 0.000010 0.999930 0.000010 0.000010
0.000010 0.000010 0.000010 0.000010 0.000010 0.999930 0.000010 0.000010
0.000010 0.000010 0.000010 0.000010 0.000010 0.999930 0.000010 0.000010
0.000010 0.161046 0.000010 0.831385 0.000010 0.000013 0.007516 0.000010
0.000010 0.000010 0.000010 0.000010 0.000010 0.999930 0.000010 0.000010
0.000010 0.000010 0.000010 0.000010 0.000010 0.999930 0.000010 0.000010
0.000010 0.000010 0.000010 0.000010 0.000010 0.999930 0.000010 0.000010
0.000010 0.000010 0.000010 0.999930 0.000010 0.000010 0.000010 0.000010
0.000010 0.000010 0.000010 0.999930 0.000010 0.000010 0.000010 0.000010
0.000010 0.000010 0.000010 0.999930 0.000010 0.000010 0.000010 0.000010
0.000010 0.000010 0.000010 0.999930 0.000010 0.000010 0.000010 0.000010
0.000010 0.000019 0.000010 0.999921 0.000010 0.000010 0.000010 0.000010
0.000010 0.000010 0.000010 0.999930 0.000010 0.000010 0.000010 0.000010
0.108475 0.000010 0.685292 0.000010 0.080128 0.000010 0.000010 0.126065
0.000010 0.000010 0.737701 0.070937 0.079491 0.000010 0.000010 0.111831
0.034014 0.000010 0.965926 0.000010 0.000010 0.000010 0.000010 0.000010
0.004441 0.000010 0.995499 0.000010 0.000010 0.000010 0.000010 0.000010
0.423593 0.000010 0.576347 0.000010 0.000010 0.000010 0.000010 0.000010
0.327296 0.000010 0.000010 0.000010 0.000010 0.000010 0.672644 0.000010
0.469907 0.384491 0.000010 0.000010 0.000010 0.000010 0.145552 0.000010
0.757068 0.000010 0.000010 0.000010 0.242872 0.000010 0.000010 0.000010
0.781120 0.129791 0.000010 0.000010 0.089038 0.000010 0.000010 0.000010
0.952070 0.000010 0.000010 0.000010 0.047870 0.000010 0.000010 0.000010
0.783265 0.126061 0.000010 0.000010 0.090624 0.000010 0.000010 0.000010
0.596812 0.124099 0.000010 0.000010 0.223757 0.000010 0.055291 0.000010
0.999930 0.000010 0.000010 0.000010 0.000010 0.000010 0.000010 0.000010
0.893684 0.000010 0.000010 0.000010 0.106256 0.000010 0.000010 0.000010
0.679401 0.000010 0.097770 0.000010 0.000010 0.000010 0.222779 0.000010
0.376882 0.310223 0.000010 0.000010 0.312845 0.000010 0.000010 0.000010
0.307158 0.095045 0.000010 0.000010 0.561327 0.000010 0.000010 0.036430
0.152095 0.000010 0.000010 0.000010 0.757307 0.027368 0.063190 0.000010
0.536518 0.000010 0.440239 0.000010 0.000010 0.000010 0.023193 0.000010
0.966907 0.033033 0.000010 0.000010 0.000010 0.000010 0.000010 0.000010
0.583471 0.211902 0.000010 0.000010 0.000010 0.000010 0.204577 0.000010
0.999930 0.000010 0.000010 0.000010 0.000010 0.000010 0.000010 0.000010
0.325352 0.000010 0.674588 0.000010 0.000010 0.000010 0.000010 0.000010
0.336055 0.000010 0.000010 0.000010 0.000010 0.000010 0.663885 0.000010
0.000010 0.127923 0.000010 0.000010 0.000010 0.000010 0.674020 0.198007
0.000010 0.895485 0.000010 0.000010 0.104455 0.000010 0.000010 0.000010
0.037230 0.962710 0.000010 0.000010 0.000010 0.000010 0.000010 0.000010
0.000010 0.782877 0.000010 0.000010 0.000010 0.000010 0.159419 0.057654
0.124919 0.000010 0.000010 0.000010 0.000010 0.000010 0.875021 0.000010
0.707665 0.050839 0.000010 0.000010 0.000010 0.000010 0.241447 0.000010
0.362987 0.317106 0.020811 0.000010 0.299056 0.000010 0.000010 0.000010
0.667417 0.332523 0.000010 0.000010 0.000010 0.000010 0.000010 0.000010
0.612226 0.387714 0.000010 0.000010 0.000010 0.000010 0.000010 0.000010
0.211114 0.625953 0.000010 0.000010 0.160134 0.000010 0.002760 0.000010
0.443825 0.556115 0.000010 0.000010 0.000010 0.000010 0.000010 0.000010
0.314750 0.000010 0.000010 0.000010 0.000010 0.000010 0.685190 0.000010
0.000010 0.000010 0.000010 0.000010 0.000010 0.000010 0.999930 0.000010
0.000010 0.814077 0.000010 0.000010 0.077759 0.000010 0.000010 0.108114
0.070412 0.851693 0.000010 0.000010 0.000010 0.000010 0.000010 0.077845
0.164884 0.000012 0.000010 0.000010 0.000010 0.000010 0.835055 0.000010
0.429516 0.113140 0.000010 0.000010 0.000010 0.000010 0.350171 0.107133
0.000010 0.973985 0.000010 0.000010 0.000010 0.000010 0.025955 0.000010
0.000010 0.239764 0.000010 0.000010 0.000010 0.000010 0.760176 0.000010
0.000010 0.764875 0.000010 0.000010 0.000010 0.000010 0.000010 0.235065
0.000010 0.214264 0.450200 0.000010 0.000010 0.000010 0.335486 0.000010
0.223420 0.000010 0.000010 0.000010 0.000010 0.000010 0.654662 0.121868
0.000010 0.912538 0.000010 0.000010 0.000010 0.000010 0.087402 0.000010
0.000010 0.379963 0.000010 0.000010 0.208823 0.000010 0.101092 0.310082
0.633797 0.105256 0.000010 0.000010 0.203883 0.000010 0.000010 0.057024
0.371334 0.000010 0.628606 0.000010 0.000010 0.000010 0.000010 0.000010
0.165294 0.000010 0.530537 0.051343 0.117506 0.000010 0.074716 0.060583
0.000010 0.630052 0.000010 0.000010 0.000010 0.000010 0.083983 0.285916
0.000010 0.795459 0.000010 0.000010 0.003134 0.000010 0.054738 0.146628
0.000010 0.763035 0.000010 0.000010 0.000010 0.000010 0.236905 0.000010
0.329370 0.079070 0.000010 0.000017 0.000010 0.000010 0.499390 0.092123
0.000010 0.999930 0.000010 0.000010 0.000010 0.000010 0.000010 0.000010
0.000010 0.000010 0.000010 0.000010 0.000010 0.000010 0.999930 0.000010
0.000010 0.043798 0.000010 0.000010 0.721654 0.000010 0.000010 0.234499
0.769337 0.200034 0.000010 0.000010 0.030579 0.000010 0.000010 0.000010
0.999925 0.000010 0.000010 0.000010 0.000010 0.000010 0.000015 0.000010
0.303174 0.299651 0.380492 0.000010 0.000010 0.000010 0.016643 0.000010
0.857495 0.026715 0.000010 0.000010 0.000010 0.000010 0.115740 0.000010
0.000010 0.000010 0.000010 0.000010 0.999930 0.000010 0.000010 0.000010
0.061611 0.000010 0.000010 0.000010 0.938329 0.000010 0.000010 0.000010
0.000010 0.037462 0.000010 0.000010 0.734955 0.020473 0.000010 0.207071
0.571508 0.428432 0.000010 0.000010 0.000010 0.000010 0.000010 0.000010
0.000010 0.000019 0.000010 0.000010 0.000010 0.000010 0.999921 0.000010
0.102009 0.000010 0.000010 0.000010 0.000010 0.000010 0.897931 0.000010
0.000010 0.999930 0.000010 0.000010 0.000010 0.000010 0.000010 0.000010
0.063545 0.219323 0.000010 0.000010 0.000010 0.000010 0.717081 0.000010
0.000010 0.133679 0.000010 0.000010 0.000010 0.000010 0.866261 0.000010
0.228801 0.633651 0.000010 0.000010 0.000010 0.000010 0.025421 0.112087
0.851231 0.000010 0.000010 0.000010 0.148709 0.000010 0.000010 0.000010
0.000010 0.144453 0.000010 0.000010 0.578546 0.000010 0.000010 0.276951
0.259937 0.047927 0.402096 0.262241 0.000010 0.000010 0.027769 0.000010
0.255846 0.000010 0.000010 0.000010 0.744094 0.000010 0.000010 0.000010
0.312602 0.361107 0.294423 0.000010 0.031827 0.000010 0.000010 0.000010
0.000010 0.000010 0.000010 0.000010 0.182493 0.000010 0.817447 0.000010
0.282164 0.303657 0.278769 0.135371 0.000010 0.000010 0.000010 0.000010
0.000010 0.999930 0.000010 0.000010 0.000010 0.000010 0.000010 0.000010
0.000010 0.999930 0.000010 0.000010 0.000010 0.000010 0.000010 0.000010
0.564986 0.000016 0.336943 0.000010 0.078103 0.000010 0.000010 0.019922
0.100736 0.418544 0.000010 0.000010 0.000010 0.000010 0.401881 0.078799
0.349271 0.000010 0.000010 0.057409 0.593270 0.000010 0.000010 0.000010
0.000010 0.000010 0.000010 0.000010 0.000010 0.000010 0.999930 0.000010
0.328895 0.096268 0.364442 0.210354 0.000010 0.000010 0.000010 0.000010
0.101065 0.000010 0.181820 0.180021 0.537055 0.000010 0.000010 0.000010
0.540340 0.297075 0.000010 0.000010 0.000010 0.000010 0.000010 0.162535
0.747179 0.000010 0.000010 0.000010 0.041167 0.000010 0.211604 0.000010
0.248578 0.344649 0.406724 0.000010 0.000010 0.000010 0.000010 0.000010
0.000010 0.078047 0.899040 0.022863 0.000010 0.000010 0.000010 0.000010
0.691935 0.000010 0.232284 0.042084 0.033656 0.000010 0.000010 0.000010
0.167594 0.000010 0.365962 0.466394 0.000010 0.000010 0.000010 0.000010
0.469277 0.349021 0.000010 0.000010 0.000010 0.000010 0.181652 0.000010
0.581554 0.000010 0.000010 0.000010 0.000010 0.000010 0.418386 0.000010
0.450877 0.549063 0.000010 0.000010 0.000010 0.000010 0.000010 0.000010
0.040455 0.090100 0.007946 0.000010 0.000010 0.000010 0.861459 0.000010
0.545353 0.000010 0.000010 0.000010 0.332264 0.000010 0.122333 0.000010
0.269491 0.000010 0.144483 0.000010 0.381700 0.000020 0.204277 0.000010
0.536956 0.441779 0.000010 0.000010 0.000010 0.000010 0.021216 0.000010
0.000010 0.999930 0.000010 0.000010 0.000010 0.000010 0.000010 0.000010
0.635913 0.342605 0.000010 0.000010 0.000010 0.000010 0.021432 0.000010
0.986272 0.000010 0.000010 0.000010 0.000010 0.000010 0.000010 0.013668
0.328510 0.475201 0.000010 0.026278 0.000010 0.009842 0.160139 0.000010
0.000010 0.999930 0.000010 0.000010 0.000010 0.000010 0.000010 0.000010
0.000010 0.384515 0.000010 0.000010 0.000010 0.000010 0.615425 0.000010
0.548837 0.126369 0.000015 0.000010 0.324740 0.000010 0.000010 0.000010
0.125638 0.029566 0.000010 0.000010 0.675914 0.000010 0.000010 0.168842
0.000010 0.093476 0.000010 0.000010 0.598379 0.000010 0.000010 0.308095
0.000010 0.000010 0.000010 0.000010 0.999930 0.000010 0.000010 0.000010
0.641422 0.000010 0.000010 0.033921 0.324607 0.000010 0.000010 0.000010
0.820930 0.158714 0.000010 0.000010 0.000010 0.000010 0.020306 0.000010
0.000010 0.000010 0.000010 0.000010 0.000010 0.999930 0.000010 0.000010
0.653608 0.000010 0.000010 0.000010 0.170601 0.060811 0.006889 0.108061
0.592612 0.404329 0.000010 0.000010 0.000010 0.000010 0.003008 0.000010
0.529575 0.000010 0.000010 0.000010 0.470365 0.000010 0.000010 0.000010
0.901799 0.000010 0.000010 0.000010 0.098141 0.000010 0.000010 0.000010
0.000010 0.999930 0.000010 0.000010 0.000010 0.000010 0.000010 0.000010
0.340060 0.659880 0.000010 0.000010 0.000010 0.000010 0.000010 0.000010
0.319649 0.389843 0.290445 0.000010 0.000023 0.000010 0.000010 0.000010
0.173725 0.000010 0.000010 0.000010 0.000010 0.000010 0.826215 0.000010
0.000010 0.867733 0.000010 0.000010 0.000010 0.000010 0.132207 0.000010
0.000010 0.000010 0.000010 0.000010 0.000010 0.000010 0.999930 0.000010
0.000010 0.802124 0.000010 0.000010 0.000010 0.000010 0.197816 0.000010
0.000010 0.000010 0.000010 0.000010 0.000010 0.000010 0.999930 0.000010
0.240596 0.074281 0.000010 0.000010 0.000010 0.000010 0.685073 0.000010
0.664094 0.124094 0.000010 0.000010 0.000010 0.000010 0.211762 0.000010
0.298219 0.629910 0.000010 0.000010 0.071821 0.000010 0.000010 0.000010
0.256687 0.219619 0.436665 0.016377 0.070623 0.000010 0.000010 0.000010
0.568964 0.000010 0.000010 0.000010 0.430976 0.000010 0.000010 0.000010
0.000010 0.044813 0.000010 0.000010 0.955127 0.000010 0.000010 0.000010
0.109052 0.286257 0.000010 0.022929 0.438844 0.000010 0.142888 0.000010
0.022551 0.223935 0.000010 0.000010 0.722475 0.000010 0.030998 0.000010
0.000010 0.999930 0.000010 0.000010 0.000010 0.000010 0.000010 0.000010
0.645258 0.089172 0.265520 0.000010 0.000010 0.000010 0.000010 0.000010
0.266511 0.500034 0.000010 0.000010 0.000010 0.000010 0.209335 0.024080
0.637119 0.071859 0.271190 0.000010 0.019792 0.000010 0.000010 0.000010
0.548101 0.028577 0.000010 0.000010 0.423273 0.000010 0.000010 0.000010
0.000010 0.000010 0.000010 0.000010 0.000010 0.000010 0.999930 0.000010
0.734592 0.000010 0.000010 0.000010 0.265348 0.000010 0.000010 0.000010
0.653912 0.066791 0.000010 0.000010 0.076401 0.000010 0.003679 0.199188
0.000010 0.000010 0.158577 0.593036 0.000010 0.000010 0.248337 0.000010
0.000010 0.111391 0.697485 0.000010 0.000010 0.000010 0.114067 0.077017
0.005626 0.602367 0.000010 0.000010 0.000010 0.000010 0.391957 0.000010
0.630465 0.275027 0.057286 0.000010 0.000010 0.000010 0.037182 0.000010
0.000010 0.000010 0.000010 0.999930 0.000010 0.000010 0.000010 0.000010
0.167302 0.260037 0.000010 0.000010 0.000010 0.000010 0.572611 0.000010
0.921463 0.078477 0.000010 0.000010 0.000010 0.000010 0.000010 0.000010
0.828929 0.171011 0.000010 0.000010 0.000010 0.000010 0.000010 0.000010
0.000010 0.575503 0.000010 0.000010 0.000010 0.000010 0.424437 0.000010
0.999930 0.000010 0.000010 0.000010 0.000010 0.000010 0.000010 0.000010
0.954973 0.000018 0.044960 0.000010 0.000010 0.000010 0.000010 0.000010
0.999930 0.000010 0.000010 0.000010 0.000010 0.000010 0.000010 0.000010
0.291138 0.000010 0.503129 0.000010 0.000010 0.000010 0.205682 0.000010
0.131385 0.000017 0.868542 0.000016 0.000010 0.000010 0.000010 0.000010
0.999930 0.000010 0.000010 0.000010 0.000010 0.000010 0.000010 0.000010
0.231404 0.752488 0.000010 0.000010 0.000010 0.000010 0.016058 0.000010
0.000010 0.000010 0.704799 0.000010 0.000010 0.000010 0.295141 0.000010
0.752785 0.192397 0.000010 0.000010 0.000010 0.000010 0.054768 0.000010
0.000010 0.000010 0.000010 0.000010 0.000010 0.000010 0.999930 0.000010
0.580549 0.280900 0.000010 0.000010 0.022425 0.000010 0.116086 0.000010
0.022954 0.483174 0.000010 0.000010 0.000010 0.000010 0.493822 0.000010
0.000010 0.127135 0.000010 0.000010 0.000010 0.000010 0.872805 0.000010
0.764532 0.085173 0.000010 0.000010 0.111123 0.000010 0.002721 0.036421
0.391429 0.414579 0.000010 0.000010 0.127557 0.000010 0.066395 0.000010
0.097160 0.000010 0.000010 0.000010 0.374229 0.000010 0.071524 0.457048
0.000010 0.218036 0.000010 0.000010 0.498741 0.000011 0.000010 0.283172
0.540239 0.000010 0.000010 0.000010 0.000010 0.000010 0.459701 0.000010
0.630664 0.250773 0.000010 0.000010 0.000010 0.000010 0.118513 0.000010
0.892676 0.012991 0.000010 0.025942 0.068351 0.000010 0.000010 0.000010
0.309020 0.312456 0.000010 0.000010 0.378474 0.000010 0.000010 0.000010
0.169699 0.369404 0.000010 0.000010 0.014424 0.000010 0.446433 0.000010
0.000010 0.000010 0.000010 0.000010 0.276496 0.076495 0.000010 0.646959
0.043455 0.000010 0.000010 0.000010 0.927718 0.000010 0.000010 0.028778
0.554951 0.121996 0.000010 0.000010 0.000010 0.000010 0.323003 0.000010
0.000010 0.000010 0.000010 0.000010 0.999930 0.000010 0.000010 0.000010
0.000010 0.000010 0.000010 0.000010 0.999930 0.000010 0.000010 0.000010
0.134557 0.334801 0.000010 0.000010 0.322539 0.000010 0.208062 0.000010
0.080419 0.000010 0.000010 0.000010 0.919521 0.000010 0.000010 0.000010
0.000010 0.037188 0.000010 0.000010 0.962752 0.000010 0.000010 0.000010
0.000010 0.000010 0.000010 0.000010 0.997158 0.000010 0.002782 0.000010
0.000010 0.212551 0.000010 0.000010 0.562852 0.000527 0.000010 0.224030
0.000010 0.000010 0.000010 0.000010 0.797614 0.000010 0.202326 0.000010
0.582919 0.000010 0.000010 0.000010 0.417021 0.000010 0.000010 0.000010
0.122056 0.000010 0.134055 0.212632 0.396954 0.000010 0.000010 0.134274
0.000010 0.243509 0.000010 0.000010 0.756431 0.000010 0.000010 0.000010
0.000010 0.000010 0.000010 0.000010 0.999930 0.000010 0.000010 0.000010
0.080625 0.186820 0.000010 0.000010 0.732505 0.000010 0.000010 0.000010
0.256645 0.000010 0.000010 0.000010 0.618755 0.000010 0.124550 0.000010
0.677491 0.000010 0.000010 0.000010 0.322449 0.000010 0.000010 0.000010
0.519620 0.000010 0.000010 0.000010 0.480320 0.000010 0.000010 0.000010
0.404679 0.559802 0.000010 0.000010 0.000010 0.000010 0.035469 0.000010
0.453117 0.497090 0.031635 0.000010 0.005459 0.000010 0.012669 0.000010
0.000010 0.754737 0.000010 0.000010 0.207691 0.000010 0.000010 0.037523
0.470572 0.529368 0.000010 0.000010 0.000010 0.000010 0.000010 0.000010
0.459057 0.000010 0.000010 0.000010 0.540883 0.000010 0.000010 0.000010
0.471298 0.000010 0.000010 0.000010 0.528642 0.000010 0.000010 0.000010
0.476793 0.110410 0.000010 0.000010 0.412747 0.000010 0.000010 0.000010
0.351594 0.537110 0.000010 0.000010 0.000010 0.000010 0.111246 0.000010
0.543876 0.245922 0.000010 0.121151 0.089011 0.000010 0.000010 0.000010
0.431609 0.568331 0.000010 0.000010 0.000010 0.000010 0.000010 0.000010
0.198576 0.801364 0.000010 0.000010 0.000010 0.000010 0.000010 0.000010
0.701789 0.222656 0.000010 0.000010 0.075505 0.000010 0.000010 0.000010
0.672606 0.300646 0.000010 0.000010 0.000010 0.000010 0.026699 0.000010
0.890934 0.000010 0.082905 0.000010 0.000010 0.000010 0.026110 0.000010
0.000010 0.000010 0.819769 0.180171 0.000010 0.000010 0.000010 0.000010
0.000010 0.000010 0.546870 0.453052 0.000019 0.000019 0.000010 0.000010
0.748398 0.000010 0.000010 0.000010 0.000010 0.000010 0.251542 0.000010
0.154445 0.000010 0.428795 0.000010 0.318685 0.000010 0.000010 0.098036
0.174289 0.000010 0.018597 0.000010 0.000010 0.000010 0.749144 0.057929
0.568276 0.000010 0.000010 0.000010 0.337987 0.000010 0.093686 0.000010
0.999930 0.000010 0.000010 0.000010 0.000010 0.000010 0.000010 0.000010
0.999930 0.000010 0.000010 0.000010 0.000010 0.000010 0.000010 0.000010
0.943815 0.056125 0.000010 0.000010 0.000010 0.000010 0.000010 0.000010
0.999930 0.000010 0.000010 0.000010 0.000010 0.000010 0.000010 0.000010
0.333759 0.000010 0.000010 0.000010 0.649289 0.000010 0.016902 0.000010
0.418287 0.000010 0.000010 0.000010 0.581653 0.000010 0.000010 0.000010
0.249349 0.000010 0.000010 0.000010 0.750591 0.000010 0.000010 0.000010
0.579085 0.000010 0.000010 0.000010 0.420855 0.000010 0.000010 0.000010
0.553153 0.000010 0.000010 0.000010 0.432255 0.000010 0.014543 0.000010
0.380680 0.000010 0.000010 0.000010 0.619260 0.000010 0.000010 0.000010
0.434668 0.000010 0.160266 0.000010 0.352068 0.000010 0.000010 0.052959
0.482874 0.000010 0.000010 0.036908 0.448835 0.000010 0.031343 0.000010
0.999930 0.000010 0.000010 0.000010 0.000010 0.000010 0.000010 0.000010
0.000010 0.000010 0.206043 0.000010 0.610069 0.000010 0.000010 0.183838
0.905861 0.000010 0.000010 0.000010 0.000010 0.000010 0.000010 0.094079
0.723402 0.000010 0.000010 0.000010 0.000010 0.000010 0.000010 0.276538
0.708648 0.000010 0.000010 0.000010 0.000010 0.000010 0.000010 0.291292
0.724797 0.000010 0.000010 0.000010 0.000010 0.000010 0.000010 0.275143
0.736623 0.000010 0.000010 0.000010 0.000010 0.000010 0.000010 0.263317
0.733532 0.000010 0.000010 0.000010 0.000010 0.000010 0.000010 0.266408
0.409406 0.460258 0.000010 0.000010 0.000010 0.000010 0.000010 0.130286
0.598260 0.121545 0.000010 0.000010 0.113426 0.000010 0.000010 0.166729
0.932304 0.000010 0.000010 0.000010 0.000010 0.000010 0.000010 0.067636
0.773580 0.000010 0.133078 0.000010 0.093292 0.000010 0.000010 0.000010
0.000010 0.000010 0.474973 0.524967 0.000010 0.000010 0.000010 0.000010
0.000010 0.004127 0.836744 0.159079 0.000010 0.000010 0.000010 0.000010
0.549103 0.320930 0.000010 0.000010 0.000010 0.024600 0.019267 0.086069
0.000010 0.000010 0.000010 0.000010 0.000010 0.999930 0.000010 0.000010
0.000010 0.000010 0.946312 0.000010 0.000010 0.000010 0.000010 0.053628
0.122215 0.000010 0.877725 0.000010 0.000010 0.000010 0.000010 0.000010
0.000010 0.079232 0.085926 0.216760 0.000010 0.000010 0.117586 0.500466
0.218694 0.029785 0.000010 0.680808 0.000018 0.000010 0.070665 0.000010
0.000010 0.000010 0.000010 0.949803 0.050137 0.000010 0.000010 0.000010
0.010099 0.000010 0.000010 0.968889 0.000010 0.000010 0.020963 0.000010
0.999930 0.000010 0.000010 0.000010 0.000010 0.000010 0.000010 0.000010
0.096054 0.129006 0.364774 0.000010 0.154951 0.000010 0.000010 0.255185
0.476354 0.161481 0.000010 0.000010 0.000010 0.000010 0.280653 0.081471
0.407169 0.000010 0.592771 0.000010 0.000010 0.000010 0.000010 0.000010
0.000010 0.432801 0.000010 0.000010 0.000010 0.000010 0.335313 0.231836
0.429383 0.052552 0.000010 0.000010 0.518016 0.000010 0.000010 0.000010
0.307175 0.245973 0.000010 0.000015 0.000010 0.000010 0.446797 0.000010
0.000010 0.123320 0.000010 0.000010 0.000010 0.000010 0.876620 0.000010
0.000010 0.000010 0.000010 0.999930 0.000010 0.000010 0.000010 0.000010
0.000010 0.000011 0.000010 0.000010 0.000010 0.999929 0.000010 0.000010
0.000010 0.000010 0.246557 0.507270 0.000010 0.246123 0.000010 0.000010
0.000010 0.000010 0.000010 0.000010 0.000010 0.999930 0.000010 0.000010
0.420068 0.000010 0.519378 0.000010 0.000010 0.000010 0.060505 0.000010
0.535691 0.000010 0.000010 0.000010 0.464249 0.000010 0.000010 0.000010
0.391844 0.000010 0.000010 0.000010 0.608096 0.000010 0.000010 0.000010
0.065041 0.000010 0.827755 0.000010 0.000010 0.000010 0.107155 0.000010
0.788613 0.000010 0.000015 0.000010 0.000012 0.000010 0.211320 0.000010
0.000010 0.000010 0.000010 0.672095 0.000010 0.000010 0.000010 0.327845
0.314685 0.085713 0.339051 0.000014 0.053861 0.000010 0.000010 0.206656
