0.481524 0.518426 0.000010 0.000010 0.000010 0.000010 0.000010
0.999940 0.000010 0.000010 0.000010 0.000010 0.000010 0.000010
0.579246 0.000010 0.420702 0.000010 0.000012 0.000010 0.000010
0.000010 0.999940 0.000010 0.000010 0.000010 0.000010 0.000010
0.677738 0.322212 0.000010 0.000010 0.000010 0.000010 0.000010
0.538528 0.000010 0.000010 0.461422 0.000010 0.000010 0.000010
0.885756 0.038122 0.074761 0.000010 0.000010 0.001331 0.000010
0.419786 0.000010 0.000010 0.580164 0.000010 0.000010 0.000010
0.000010 0.000010 0.033441 0.000010 0.966509 0.000010 0.000010
0.276653 0.000010 0.000010 0.723297 0.000010 0.000010 0.000010
0.611829 0.000010 0.000010 0.388121 0.000010 0.000010 0.000010
0.000010 0.607462 0.000011 0.000010 0.000010 0.000010 0.392486
0.267064 0.000010 0.023701 0.679942 0.000010 0.000010 0.029263
0.042997 0.000010 0.000010 0.956953 0.000010 0.000010 0.000010
0.000010 0.000010 0.000010 0.999940 0.000010 0.000010 0.000010
0.793968 0.000010 0.000010 0.195823 0.000010 0.000010 0.010169
0.472775 0.071615 0.000010 0.419856 0.000010 0.000010 0.035724
0.208476 0.000010 0.109980 0.681504 0.000010 0.000010 0.000010
0.737881 0.000010 0.000010 0.262069 0.000010 0.000010 0.000010
0.194971 0.000010 0.071588 0.647108 0.000010 0.000010 0.086303
0.133518 0.000010 0.000010 0.866432 0.000010 0.000010 0.000010
0.297009 0.006194 0.000010 0.696758 0.000010 0.000010 0.000010
0.286234 0.000010 0.000010 0.000010 0.000010 0.000010 0.713716
0.410891 0.009372 0.000010 0.579697 0.000010 0.000010 0.000010
0.000010 0.000010 0.117228 0.000010 0.882722 0.000010 0.000010
0.000010 0.000010 0.000010 0.304285 0.695665 0.000010 0.000010
0.000011 0.000013 0.000010 0.000010 0.000010 0.999936 0.000010
0.000010 0.999937 0.000010 0.000013 0.000010 0.000010 0.000010
0.000010 0.000010 0.000010 0.000010 0.000010 0.999940 0.000010
0.000010 0.000010 0.000010 0.999940 0.000010 0.000010 0.000010
0.072315 0.000010 0.000010 0.927635 0.000010 0.000010 0.000010
0.000010 0.000010 0.000010 0.000010 0.000010 0.999940 0.000010
0.000010 0.000010 0.000013 0.000010 0.000010 0.999937 0.000010
0.000010 0.000010 0.108219 0.000010 0.511819 0.352461 0.027471
0.000010 0.000010 0.000010 0.302579 0.697371 0.000010 0.000010
0.000010 0.000010 0.000010 0.000010 0.000010 0.999940 0.000010
0.002779 0.014687 0.000010 0.572111 0.335974 0.000010 0.074429
0.000010 0.000010 0.000010 0.080837 0.919113 0.000010 0.000010
0.000010 0.000010 0.000010 0.771428 0.228522 0.000010 0.000010
0.290794 0.000010 0.000010 0.709156 0.000010 0.000010 0.000010
0.000010 0.000010 0.000010 0.000010 0.000010 0.999940 0.000010
0.000010 0.000010 0.000010 0.000010 0.949741 0.050209 0.000010
0.000010 0.000010 0.000010 0.132429 0.867521 0.000010 0.000010
0.000010 0.000010 0.000010 0.000010 0.999940 0.000010 0.000010
0.000010 0.000010 0.000010 0.178894 0.821056 0.000010 0.000010
0.000010 0.000010 0.000010 0.000010 0.999940 0.000010 0.000010
0.000010 0.000010 0.000010 0.000010 0.000010 0.999940 0.000010
0.000010 0.000010 0.000010 0.000010 0.000010 0.999940 0.000010
0.000010 0.000010 0.000010 0.074816 0.000010 0.925134 0.000010
0.000010 0.000010 0.000010 0.000010 0.000010 0.999940 0.000010
0.000010 0.000010 0.000010 0.000010 0.999940 0.000010 0.000010
0.000010 0.000010 0.000010 0.000010 0.999940 0.000010 0.000010
0.000010 0.000010 0.000010 0.312100 0.687850 0.000010 0.000010
0.000010 0.000010 0.000010 0.000010 0.000010 0.999940 0.000010
0.000010 0.000010 0.000010 0.000010 0.000010 0.999940 0.000010
0.000010 0.000010 0.000010 0.000010 0.000010 0.999940 0.000010
0.000010 0.029069 0.000010 0.000010 0.831280 0.000010 0.139611
0.000010 0.000010 0.000010 0.000010 0.000010 0.999940 0.000010
0.000010 0.000010 0.000010 0.000010 0.000010 0.999940 0.000010
0.000010 0.000010 0.000010 0.000010 0.000010 0.999940 0.000010
0.000010 0.000010 0.000010 0.000010 0.999940 0.000010 0.000010
0.000010 0.000010 0.000010 0.000010 0.999940 0.000010 0.000010
0.000010 0.000010 0.000010 0.000010 0.999940 0.000010 0.000010
0.000010 0.000010 0.000010 0.000010 0.999940 0.000010 0.000010
0.000010 0.000010 0.000010 0.000010 0.999940 0.000010 0.000010
0.000011 0.000010 0.000017 0.000010 0.999932 0.000010 0.000010
0.302072 0.000010 0.126618 0.571270 0.000010 0.000010 0.000010
0.000010 0.000010 0.146635 0.853315 0.000010 0.000010 0.000010
0.437142 0.000010 0.000010 0.562808 0.000010 0.000010 0.000010
0.400752 0.000010 0.000020 0.599188 0.000010 0.000010 0.000010
0.696970 0.000010 0.000010 0.302980 0.000010 0.000010 0.000010
0.324326 0.675624 0.000010 0.000010 0.000010 0.000010 0.000010
0.425972 0.202187 0.000010 0.000010 0.000010 0.000010 0.371800
0.830273 0.000010 0.165252 0.000010 0.000010 0.000010 0.004435
0.770266 0.000010 0.100988 0.000010 0.000010 0.000010 0.128706
0.995880 0.000010 0.004070 0.000010 0.000010 0.000010 0.000010
0.772505 0.000010 0.102436 0.000010 0.000010 0.000010 0.125019
0.660308 0.056806 0.136854 0.000010 0.000010 0.000010 0.146002
0.999940 0.000010 0.000010 0.000010 0.000010 0.000010 0.000010
0.873573 0.000010 0.126377 0.000010 0.000010 0.000010 0.000010
0.672402 0.268939 0.000010 0.058619 0.000010 0.000010 0.000010
0.406710 0.000010 0.302995 0.000010 0.000010 0.000010 0.290255
0.344660 0.000017 0.579763 0.000010 0.000010 0.000010 0.075530
0.227464 0.005592 0.746390 0.000010 0.000010 0.020525 0.000010
0.785030 0.028532 0.000017 0.186388 0.000010 0.000013 0.000010
0.967015 0.000010 0.000010 0.000010 0.000010 0.000010 0.032935
0.529338 0.272674 0.000010 0.000010 0.000010 0.000010 0.197948
0.999940 0.000010 0.000010 0.000010 0.000010 0.000010 0.000010
0.705453 0.000010 0.000010 0.294497 0.000010 0.000010 0.000010
0.333759 0.666191 0.000010 0.000010 0.000010 0.000010 0.000010
0.000010 0.606286 0.064535 0.000010 0.000010 0.047786 0.281363
0.000010 0.000010 0.122656 0.000010 0.000010 0.000010 0.877294
0.046373 0.000010 0.000010 0.000010 0.000010 0.000010 0.953577
0.000010 0.162735 0.000010 0.000010 0.000010 0.000010 0.837215
0.124721 0.875229 0.000010 0.000010 0.000010 0.000010 0.000010
0.630884 0.369066 0.000010 0.000010 0.000010 0.000010 0.000010
0.375442 0.000010 0.252476 0.041688 0.000010 0.000010 0.330364
0.680850 0.000010 0.000010 0.000010 0.000010 0.000010 0.319100
0.621361 0.000010 0.000010 0.000010 0.000010 0.000010 0.378589
0.287585 0.000010 0.025616 0.000010 0.000010 0.000010 0.686759
0.446043 0.000010 0.000010 0.000010 0.000010 0.000010 0.553907
0.302837 0.697113 0.000010 0.000010 0.000010 0.000010 0.000010
0.000010 0.999940 0.000010 0.000010 0.000010 0.000010 0.000010
0.000010 0.000010 0.228881 0.000011 0.000010 0.000010 0.771068
0.066034 0.000010 0.000010 0.000010 0.000010 0.000010 0.933916
0.157428 0.842522 0.000010 0.000010 0.000010 0.000010 0.000010
0.390827 0.400094 0.089069 0.000010 0.000010 0.000010 0.119980
0.000010 0.034378 0.015079 0.000010 0.000010 0.000010 0.950503
0.000012 0.759890 0.000010 0.000010 0.000010 0.000010 0.240057
0.000010 0.000010 0.283543 0.000010 0.000010 0.000010 0.716407
0.111266 0.375789 0.000015 0.321910 0.000010 0.000010 0.191000
0.250013 0.708811 0.000010 0.000010 0.000010 0.041136 0.000010
0.000010 0.056701 0.000010 0.000010 0.000010 0.000010 0.943249
0.000010 0.110777 0.321145 0.000010 0.220506 0.000010 0.347541
0.638581 0.000010 0.276983 0.000010 0.000010 0.000010 0.084396
0.746160 0.000010 0.000010 0.253790 0.000010 0.000010 0.000010
0.373438 0.078965 0.015067 0.400986 0.127851 0.000010 0.003683
0.000010 0.088459 0.347551 0.000010 0.000010 0.000010 0.563951
0.000010 0.060641 0.256261 0.000010 0.000010 0.000010 0.683058
0.000010 0.229669 0.000010 0.000010 0.000010 0.000010 0.770281
0.312363 0.542509 0.000010 0.000010 0.000010 0.000010 0.145088
0.000010 0.000010 0.000010 0.000010 0.000010 0.000010 0.999940
0.000010 0.999940 0.000010 0.000010 0.000010 0.000010 0.000010
0.000010 0.000010 0.991251 0.000010 0.000010 0.000010 0.008698
0.771478 0.000010 0.032120 0.000010 0.000010 0.000010 0.196362
0.999940 0.000010 0.000010 0.000010 0.000010 0.000010 0.000010
0.482562 0.018371 0.000010 0.207675 0.000010 0.000010 0.291362
0.853803 0.123423 0.000010 0.000010 0.000010 0.000010 0.022734
0.000014 0.000010 0.999936 0.000010 0.000010 0.000010 0.000010
0.277045 0.000010 0.722905 0.000010 0.000010 0.000010 0.000010
0.000010 0.000010 0.989395 0.000010 0.000010 0.010555 0.000010
0.564298 0.000010 0.000010 0.000010 0.000010 0.000010 0.435652
0.000010 0.999940 0.000010 0.000010 0.000010 0.000010 0.000010
0.100278 0.899672 0.000010 0.000010 0.000010 0.000010 0.000010
0.000010 0.000010 0.000010 0.000010 0.000010 0.000010 0.999940
0.060968 0.721771 0.000010 0.000010 0.000010 0.000010 0.217221
0.000010 0.977162 0.000010 0.000010 0.000010 0.000010 0.022788
0.238450 0.000010 0.000010 0.000010 0.032257 0.000010 0.729253
0.999940 0.000010 0.000010 0.000010 0.000010 0.000010 0.000010
0.000010 0.014059 0.862829 0.000010 0.000010 0.000010 0.123072
0.239857 0.015848 0.000010 0.642717 0.000010 0.000010 0.101548
0.336271 0.000010 0.663679 0.000010 0.000010 0.000010 0.000010
0.438822 0.000010 0.001373 0.191804 0.000010 0.000010 0.367971
0.000010 0.829261 0.170689 0.000010 0.000010 0.000010 0.000010
0.346064 0.012841 0.000010 0.262000 0.071597 0.000010 0.307478
0.000019 0.000013 0.000010 0.000010 0.000010 0.000010 0.999928
0.000010 0.000010 0.000010 0.000010 0.000010 0.000010 0.999940
0.676421 0.000010 0.058324 0.265215 0.000010 0.000010 0.000010
0.096770 0.431699 0.000010 0.000010 0.000010 0.000010 0.471491
0.410067 0.000010 0.518799 0.000010 0.071094 0.000010 0.000010
0.000010 0.999940 0.000010 0.000010 0.000010 0.000010 0.000010
0.317019 0.000010 0.000010 0.567826 0.000010 0.000010 0.115115
0.087603 0.000010 0.491361 0.420997 0.000010 0.000010 0.000010
0.491762 0.000010 0.000010 0.000010 0.000010 0.000010 0.508188
0.799371 0.200579 0.000010 0.000010 0.000010 0.000010 0.000010
0.450312 0.000010 0.000010 0.214116 0.000010 0.000010 0.335532
0.169128 0.005033 0.000010 0.792941 0.000010 0.000010 0.032869
0.747465 0.000010 0.003631 0.236971 0.000010 0.000010 0.011903
0.124068 0.000010 0.000010 0.764534 0.111359 0.000010 0.000010
0.444709 0.212770 0.000010 0.000010 0.000010 0.000010 0.342481
0.575127 0.424817 0.000010 0.000016 0.000010 0.000010 0.000010
0.453789 0.000010 0.000010 0.000010 0.000010 0.000010 0.546161
0.057099 0.905692 0.000010 0.000010 0.000010 0.000010 0.037169
0.571969 0.144752 0.283239 0.000010 0.000010 0.000010 0.000010
0.356115 0.207388 0.293077 0.143386 0.000010 0.000013 0.000010
0.517614 0.044008 0.000010 0.000010 0.000010 0.000010 0.438339
0.000010 0.000010 0.000010 0.000010 0.000010 0.000010 0.999940
0.632257 0.021141 0.000010 0.000010 0.000010 0.000010 0.346561
0.977498 0.000010 0.000010 0.000010 0.000010 0.000010 0.022452
0.320040 0.164013 0.000010 0.000010 0.023530 0.005832 0.486565
0.000010 0.000010 0.000010 0.000010 0.000010 0.000010 0.999940
0.000010 0.611949 0.000010 0.000010 0.000010 0.000010 0.388001
0.591700 0.000010 0.284802 0.000010 0.000010 0.000010 0.123459
0.153079 0.000010 0.846871 0.000010 0.000010 0.000010 0.000010
0.000010 0.000010 0.880436 0.000010 0.000010 0.000010 0.119514
0.039946 0.000010 0.960004 0.000010 0.000010 0.000010 0.000010
0.688105 0.000010 0.271294 0.000010 0.040561 0.000010 0.000010
0.827727 0.011967 0.000010 0.000010 0.000010 0.000010 0.160265
0.000010 0.000010 0.000010 0.000010 0.000010 0.999940 0.000010
0.631471 0.034886 0.253521 0.000010 0.004402 0.075699 0.000010
0.591515 0.017514 0.000010 0.000010 0.000010 0.000010 0.390932
0.624984 0.000010 0.358844 0.000010 0.000014 0.000010 0.016127
0.942426 0.000010 0.057524 0.000010 0.000010 0.000010 0.000010
0.000010 0.000010 0.000010 0.000010 0.000010 0.000010 0.999940
0.318214 0.000010 0.000010 0.000010 0.000010 0.000010 0.681736
0.417025 0.000010 0.000010 0.203050 0.000010 0.000010 0.379885
0.167020 0.832930 0.000010 0.000010 0.000010 0.000010 0.000010
0.000010 0.112799 0.000011 0.000010 0.000010 0.000010 0.887150
0.000010 0.999940 0.000010 0.000010 0.000010 0.000010 0.000010
0.000010 0.200808 0.000010 0.000010 0.000010 0.000010 0.799142
0.000010 0.999940 0.000010 0.000010 0.000010 0.000010 0.000010
0.233353 0.689728 0.000010 0.000010 0.000010 0.000010 0.076879
0.637646 0.264496 0.000010 0.000010 0.000010 0.000010 0.097819
0.305446 0.000010 0.066120 0.000010 0.000010 0.000010 0.628394
0.390431 0.000010 0.037473 0.361816 0.000010 0.000010 0.210250
0.639637 0.000010 0.360311 0.000010 0.000012 0.000010 0.000010
0.000010 0.000010 0.964109 0.000010 0.000010 0.000010 0.035841
0.238969 0.136648 0.269170 0.000010 0.024221 0.000010 0.330972
0.082115 0.020184 0.694878 0.000010 0.000010 0.000010 0.202793
0.000010 0.000010 0.000010 0.000010 0.000010 0.000010 0.999940
0.743452 0.000010 0.000010 0.183133 0.000010 0.000010 0.073375
0.249340 0.225337 0.053676 0.000010 0.000010 0.000010 0.471616
0.771532 0.000010 0.000010 0.178565 0.000010 0.000010 0.049863
0.619285 0.000010 0.368675 0.000010 0.000010 0.000010 0.012000
0.000010 0.999940 0.000010 0.000010 0.000010 0.000010 0.000010
0.806514 0.000010 0.193436 0.000010 0.000010 0.000010 0.000010
0.570261 0.064290 0.341201 0.000010 0.000010 0.000010 0.024218
0.000010 0.217213 0.000010 0.587598 0.195149 0.000010 0.000010
0.166793 0.113409 0.000010 0.558044 0.000010 0.000010 0.161724
0.000010 0.402976 0.000010 0.000010 0.000010 0.000010 0.596974
0.652237 0.044803 0.000010 0.026347 0.000010 0.000010 0.276583
0.000010 0.000010 0.000010 0.571757 0.428193 0.000010 0.000010
0.176951 0.591785 0.000010 0.000010 0.000010 0.000010 0.231224
0.899899 0.018044 0.000010 0.000010 0.000010 0.000010 0.082017
0.830260 0.000010 0.000010 0.000010 0.000010 0.000010 0.169690
0.000010 0.434559 0.000010 0.000010 0.000010 0.000010 0.565391
0.999940 0.000010 0.000010 0.000010 0.000010 0.000010 0.000010
0.999940 0.000010 0.000010 0.000010 0.000010 0.000010 0.000010
0.999940 0.000010 0.000010 0.000010 0.000010 0.000010 0.000010
0.439509 0.200927 0.000010 0.359524 0.000010 0.000010 0.000010
0.520949 0.000010 0.000010 0.479001 0.000010 0.000010 0.000010
0.999940 0.000010 0.000010 0.000010 0.000010 0.000010 0.000010
0.215256 0.021904 0.000010 0.000010 0.000010 0.000010 0.762800
0.016952 0.360831 0.000010 0.622177 0.000010 0.000010 0.000010
0.717972 0.089402 0.000010 0.000010 0.000010 0.000010 0.192587
0.000010 0.999940 0.000010 0.000010 0.000010 0.000010 0.000010
0.556192 0.131027 0.029503 0.000010 0.000010 0.000010 0.283247
0.028909 0.499287 0.000010 0.000010 0.000010 0.000010 0.471764
0.000010 0.877430 0.000010 0.000010 0.000010 0.000010 0.122520
0.757845 0.012748 0.142965 0.000010 0.000010 0.000010 0.086412
0.450560 0.057946 0.054619 0.000010 0.000010 0.000010 0.436845
0.040774 0.179903 0.741640 0.000010 0.000010 0.037653 0.000010
0.000010 0.025903 0.764896 0.000010 0.000010 0.020615 0.188556
0.527622 0.472328 0.000010 0.000010 0.000010 0.000010 0.000010
0.625720 0.119788 0.000010 0.000010 0.000010 0.000010 0.254452
0.930391 0.000010 0.000010 0.000010 0.028438 0.000010 0.041131
0.401475 0.000010 0.246794 0.000010 0.000010 0.000010 0.351691
0.180868 0.435197 0.000010 0.000010 0.000010 0.000010 0.383895
0.000010 0.082887 0.721687 0.000010 0.000010 0.195386 0.000010
0.179801 0.000010 0.820146 0.000010 0.000010 0.000013 0.000010
0.556940 0.322269 0.000010 0.000010 0.000010 0.000010 0.120750
0.061120 0.000010 0.938830 0.000010 0.000010 0.000010 0.000010
0.000010 0.000010 0.999940 0.000010 0.000010 0.000010 0.000010
0.180363 0.216226 0.250158 0.000010 0.000010 0.000010 0.353223
0.200611 0.000010 0.799339 0.000010 0.000010 0.000010 0.000010
0.000010 0.000010 0.928805 0.000010 0.000010 0.000010 0.071145
0.000010 0.081318 0.918632 0.000010 0.000010 0.000010 0.000010
0.000010 0.000010 0.805263 0.000010 0.000010 0.001884 0.192813
0.025868 0.201424 0.772665 0.000010 0.000010 0.000014 0.000010
0.691377 0.000010 0.308573 0.000010 0.000010 0.000010 0.000010
0.149224 0.000010 0.354538 0.260057 0.236151 0.000010 0.000010
0.000010 0.000010 0.713706 0.000010 0.000010 0.000010 0.286244
0.000010 0.000010 0.981408 0.000010 0.000010 0.000010 0.018542
0.202038 0.000010 0.684864 0.000010 0.000010 0.000010 0.113058
0.369066 0.107218 0.523676 0.000010 0.000010 0.000010 0.000010
0.780260 0.000010 0.219690 0.000010 0.000010 0.000010 0.000010
0.622856 0.000010 0.377094 0.000010 0.000010 0.000010 0.000010
0.420818 0.026396 0.000010 0.000010 0.000010 0.000010 0.552746
0.502704 0.003428 0.000010 0.000010 0.000010 0.000010 0.493828
0.000010 0.000010 0.284341 0.000010 0.000010 0.000010 0.715609
0.448133 0.000010 0.000010 0.000010 0.000010 0.000010 0.551817
0.598691 0.000010 0.401259 0.000010 0.000010 0.000010 0.000010
0.608520 0.000010 0.391430 0.000010 0.000010 0.000010 0.000010
0.551039 0.000010 0.442945 0.000010 0.000010 0.000010 0.005976
0.370321 0.094963 0.000010 0.000010 0.000010 0.000010 0.534676
0.594060 0.000010 0.000010 0.000010 0.122389 0.000010 0.283511
0.432598 0.000010 0.000010 0.000010 0.000010 0.000010 0.567352
0.203273 0.000010 0.000010 0.000010 0.000010 0.000010 0.796677
0.704343 0.000010 0.050368 0.000010 0.000010 0.000010 0.245249
0.682205 0.031805 0.000010 0.000010 0.000010 0.000010 0.285950
0.927109 0.032573 0.000010 0.040278 0.000010 0.000010 0.000010
0.000010 0.000010 0.000010 0.999940 0.000010 0.000010 0.000010
0.000010 0.000010 0.000010 0.999940 0.000010 0.000010 0.000010
0.706733 0.293217 0.000010 0.000010 0.000010 0.000010 0.000010
0.295717 0.000010 0.373127 0.331115 0.000011 0.000010 0.000010
0.196636 0.741560 0.007175 0.012522 0.000010 0.000010 0.042086
0.702514 0.102007 0.195439 0.000010 0.000010 0.000010 0.000010
0.999940 0.000010 0.000010 0.000010 0.000010 0.000010 0.000010
0.999940 0.000010 0.000010 0.000010 0.000010 0.000010 0.000010
0.955186 0.000010 0.000010 0.000010 0.000010 0.000010 0.044764
0.999940 0.000010 0.000010 0.000010 0.000010 0.000010 0.000010
0.452133 0.007245 0.540582 0.000010 0.000010 0.000010 0.000010
0.513334 0.000010 0.486616 0.000010 0.000010 0.000010 0.000010
0.335342 0.000010 0.664608 0.000010 0.000010 0.000010 0.000010
0.620615 0.000010 0.379335 0.000010 0.000010 0.000010 0.000010
0.613104 0.011319 0.375537 0.000010 0.000010 0.000010 0.000010
0.442869 0.000010 0.557081 0.000010 0.000010 0.000010 0.000010
0.493530 0.000010 0.368092 0.138338 0.000010 0.000010 0.000010
0.585745 0.028057 0.333534 0.000010 0.052635 0.000010 0.000010
0.999940 0.000010 0.000010 0.000010 0.000010 0.000010 0.000010
0.020093 0.000010 0.720830 0.259036 0.000010 0.000010 0.000010
0.865456 0.000010 0.134494 0.000010 0.000010 0.000010 0.000010
0.612444 0.000010 0.387506 0.000010 0.000010 0.000010 0.000010
0.588130 0.000010 0.411820 0.000010 0.000010 0.000010 0.000010
0.615881 0.000010 0.384068 0.000011 0.000010 0.000010 0.000010
0.615908 0.000010 0.384042 0.000010 0.000010 0.000010 0.000010
0.602602 0.000010 0.397348 0.000010 0.000010 0.000010 0.000010
0.375938 0.000010 0.151913 0.000010 0.000010 0.000010 0.472109
0.538592 0.000010 0.372619 0.000010 0.000010 0.000010 0.088748
0.895407 0.034006 0.070547 0.000010 0.000010 0.000010 0.000010
0.875872 0.000010 0.045745 0.078343 0.000010 0.000010 0.000010
0.000010 0.000010 0.000017 0.876808 0.123129 0.000016 0.000010
0.055460 0.000010 0.000010 0.866239 0.000010 0.000010 0.078261
0.520577 0.058918 0.074562 0.000010 0.000010 0.031272 0.314650
0.000010 0.000010 0.000010 0.000010 0.000010 0.999940 0.000010
0.106300 0.000010 0.000014 0.893647 0.000010 0.000010 0.000010
0.389264 0.000010 0.000010 0.610686 0.000010 0.000010 0.000010
0.000010 0.113290 0.138806 0.058704 0.530667 0.018293 0.140229
0.247333 0.091219 0.000015 0.000010 0.646339 0.000010 0.015075
0.000010 0.000010 0.023266 0.124136 0.852559 0.000010 0.000010
0.000010 0.003397 0.000018 0.184020 0.812533 0.000012 0.000010
0.999940 0.000010 0.000010 0.000010 0.000010 0.000010 0.000010
0.174743 0.000010 0.394497 0.278559 0.000010 0.012205 0.139976
0.455230 0.298651 0.036561 0.000010 0.000010 0.000010 0.209528
0.603386 0.000010 0.000010 0.396564 0.000010 0.000010 0.000010
0.000012 0.294677 0.304502 0.000010 0.000010 0.000010 0.400779
0.553546 0.000010 0.360987 0.000010 0.000010 0.000010 0.085428
0.309466 0.469833 0.000010 0.000010 0.000010 0.000010 0.220662
0.000010 0.992323 0.000016 0.000010 0.000010 0.000010 0.007621
0.000010 0.000010 0.000010 0.279107 0.677019 0.043834 0.000010
0.000010 0.000010 0.000010 0.000010 0.000010 0.999940 0.000010
0.000010 0.000010 0.000010 0.375829 0.369558 0.254573 0.000010
0.000010 0.000010 0.000010 0.000010 0.000010 0.999940 0.000010
0.669963 0.011201 0.000010 0.318787 0.000010 0.000018 0.000010
0.650522 0.000010 0.349428 0.000010 0.000010 0.000010 0.000010
0.501679 0.000010 0.498269 0.000010 0.000010 0.000012 0.000010
0.339023 0.056672 0.000010 0.604264 0.000010 0.000010 0.000010
0.773209 0.226741 0.000010 0.000010 0.000010 0.000010 0.000010
0.000010 0.000010 0.000010 0.000010 0.999940 0.000010 0.000010
0.385260 0.000010 0.030968 0.309277 0.156696 0.000010 0.117777
