0.000010 0.502639 0.000010 0.000010 0.497331
0.000010 0.999960 0.000010 0.000010 0.000010
0.076444 0.644925 0.278611 0.000010 0.000010
0.000010 0.000010 0.000010 0.000010 0.999960
0.000010 0.812792 0.000010 0.000010 0.187178
0.091670 0.908300 0.000010 0.000010 0.000010
0.000010 0.914874 0.000010 0.009436 0.075671
0.130884 0.869080 0.000010 0.000016 0.000010
0.813720 0.000010 0.162967 0.023294 0.000010
0.129677 0.870293 0.000010 0.000010 0.000010
0.000010 0.999960 0.000010 0.000010 0.000010
0.000010 0.000010 0.000010 0.000010 0.999960
0.352451 0.646828 0.000701 0.000010 0.000010
0.473040 0.526930 0.000010 0.000010 0.000010
0.590626 0.409344 0.000010 0.000010 0.000010
0.000010 0.944464 0.055506 0.000010 0.000010
0.080488 0.815343 0.000010 0.010889 0.093269
0.349451 0.624267 0.026262 0.000010 0.000010
0.000010 0.999953 0.000010 0.000017 0.000010
0.358601 0.563977 0.076273 0.000010 0.001139
0.256075 0.743895 0.000010 0.000010 0.000010
0.277916 0.722054 0.000010 0.000010 0.000010
0.000012 0.266215 0.136999 0.000010 0.596764
0.212577 0.787393 0.000010 0.000010 0.000010
0.505970 0.000010 0.243633 0.250378 0.000010
0.946511 0.053459 0.000010 0.000010 0.000010
0.000010 0.000020 0.000010 0.999950 0.000010
0.000010 0.187435 0.000010 0.000010 0.812535
0.000010 0.000012 0.000010 0.999958 0.000010
0.725384 0.274586 0.000010 0.000010 0.000010
0.312682 0.687288 0.000010 0.000010 0.000010
0.000010 0.000016 0.000010 0.999954 0.000010
0.000010 0.000010 0.000010 0.999960 0.000010
0.335135 0.000010 0.202971 0.435419 0.026465
0.954534 0.045435 0.000011 0.000010 0.000010
0.000010 0.000010 0.000010 0.999960 0.000010
0.717568 0.282402 0.000010 0.000010 0.000010
0.999960 0.000010 0.000010 0.000010 0.000010
0.765787 0.234183 0.000010 0.000010 0.000010
0.306777 0.693193 0.000010 0.000010 0.000010
0.000010 0.000010 0.000010 0.999960 0.000010
0.834007 0.000010 0.045747 0.120226 0.000010
0.999960 0.000010 0.000010 0.000010 0.000010
0.844698 0.000010 0.118515 0.036767 0.000010
0.999957 0.000013 0.000010 0.000010 0.000010
0.999960 0.000010 0.000010 0.000010 0.000010
0.000010 0.000010 0.000018 0.999952 0.000010
0.000010 0.000010 0.000010 0.999960 0.000010
0.090074 0.000010 0.000010 0.909896 0.000010
0.000010 0.000010 0.000010 0.999960 0.000010
0.411087 0.000010 0.128484 0.460409 0.000010
0.412795 0.000010 0.142399 0.437726 0.007070
0.999960 0.000010 0.000010 0.000010 0.000010
0.000010 0.000010 0.000010 0.999960 0.000010
0.000010 0.000010 0.000010 0.999960 0.000010
0.000017 0.000017 0.000010 0.999945 0.000010
0.847144 0.000010 0.000010 0.000010 0.152826
0.000010 0.000010 0.000010 0.999960 0.000010
0.000010 0.000010 0.000010 0.999960 0.000010
0.000010 0.000010 0.000010 0.999960 0.000010
0.999960 0.000010 0.000010 0.000010 0.000010
0.999960 0.000010 0.000010 0.000010 0.000010
0.999960 0.000010 0.000010 0.000010 0.000010
0.999960 0.000010 0.000010 0.000010 0.000010
0.999960 0.000010 0.000010 0.000010 0.000010
0.999951 0.000010 0.000019 0.000010 0.000010
0.310458 0.615910 0.073612 0.000010 0.000010
0.558759 0.400461 0.040760 0.000010 0.000010
0.009658 0.990312 0.000010 0.000010 0.000010
0.000010 0.999960 0.000010 0.000010 0.000010
0.000010 0.999960 0.000010 0.000010 0.000010
0.000010 0.516132 0.000015 0.000010 0.483833
0.000020 0.417682 0.058772 0.000010 0.523516
0.000010 0.809475 0.190495 0.000010 0.000010
0.000010 0.740414 0.171088 0.000010 0.088477
0.000010 0.969944 0.005501 0.000010 0.024535
0.000010 0.742498 0.171184 0.000010 0.086297
0.000010 0.655297 0.152895 0.000010 0.191788
0.000010 0.999960 0.000010 0.000010 0.000010
0.000010 0.851000 0.148970 0.000010 0.000010
0.000010 0.827232 0.000010 0.000010 0.172738
0.000010 0.490139 0.481386 0.000010 0.028455
0.000010 0.343492 0.656478 0.000010 0.000010
0.000010 0.249405 0.732009 0.018566 0.000010
0.000010 0.999960 0.000010 0.000010 0.000010
0.000010 0.948470 0.000010 0.000010 0.051500
0.000010 0.500079 0.000010 0.000010 0.499891
0.000010 0.999960 0.000010 0.000010 0.000010
0.000010 0.999960 0.000010 0.000010 0.000010
0.000010 0.526277 0.000010 0.000010 0.473693
0.000010 0.000010 0.132795 0.020944 0.846241
0.000010 0.000010 0.277062 0.000010 0.722908
0.000010 0.014514 0.021208 0.000010 0.964259
0.000018 0.000010 0.120848 0.000010 0.879114
0.000011 0.365123 0.000010 0.000010 0.634847
0.000010 0.755647 0.000010 0.000010 0.244323
0.000010 0.383684 0.430144 0.000010 0.186152
0.000010 0.731146 0.000010 0.000010 0.268824
0.000010 0.584616 0.000010 0.000010 0.415354
0.000010 0.200656 0.197853 0.000010 0.601470
0.000010 0.402613 0.000010 0.000010 0.597357
0.000017 0.508212 0.019461 0.000010 0.472299
0.000010 0.055799 0.000010 0.000010 0.944171
0.000010 0.000010 0.417398 0.000010 0.582572
0.000010 0.072357 0.000010 0.000010 0.927613
0.000010 0.324042 0.000010 0.000010 0.675928
0.000010 0.394182 0.096832 0.000010 0.508966
0.000010 0.000010 0.245338 0.000010 0.754632
0.000010 0.030447 0.000010 0.000010 0.969523
0.000010 0.000010 0.537332 0.000010 0.462638
0.000010 0.541067 0.000010 0.000010 0.458903
0.000010 0.249778 0.000010 0.003973 0.746229
0.000010 0.000010 0.002594 0.000010 0.997376
0.203446 0.000010 0.429710 0.000010 0.366824
0.000010 0.661748 0.338222 0.000010 0.000010
0.000010 0.999960 0.000010 0.000010 0.000010
0.321808 0.605100 0.000010 0.000010 0.073072
0.000010 0.000011 0.538476 0.000010 0.461493
0.000010 0.000010 0.411300 0.000010 0.588670
0.000010 0.000010 0.000010 0.000010 0.999960
0.000010 0.317047 0.000010 0.000010 0.682923
0.000010 0.000010 0.031019 0.000010 0.968951
0.000010 0.000010 0.000010 0.000010 0.999960
0.000010 0.000010 0.999960 0.000010 0.000010
0.000010 0.754465 0.103463 0.000010 0.142052
0.000010 0.999960 0.000010 0.000010 0.000010
0.000010 0.656034 0.000010 0.000010 0.343936
0.000010 0.839090 0.000010 0.000010 0.160880
0.000010 0.000010 0.999960 0.000010 0.000010
0.000010 0.272496 0.727467 0.000017 0.000010
0.000010 0.000010 0.999960 0.000010 0.000010
0.000010 0.519875 0.000010 0.000010 0.480095
0.000010 0.000010 0.000011 0.000010 0.999959
0.000010 0.189228 0.000010 0.000010 0.810742
0.000010 0.000010 0.042163 0.000010 0.957807
0.000010 0.147394 0.000010 0.000010 0.852576
0.000010 0.147614 0.000010 0.000010 0.852356
0.034922 0.213919 0.000010 0.000010 0.751139
0.000010 0.968154 0.031816 0.000010 0.000010
0.000010 0.000010 0.884680 0.003083 0.112217
0.315920 0.636878 0.000010 0.000010 0.047182
0.000010 0.315534 0.684436 0.000010 0.000010
0.000010 0.644585 0.187052 0.000010 0.168343
0.000010 0.000010 0.152280 0.000010 0.847690
0.164758 0.607373 0.000010 0.000010 0.227849
0.000010 0.000010 0.000010 0.000010 0.999960
0.000010 0.000010 0.000010 0.000010 0.999960
0.037030 0.873013 0.089938 0.000010 0.000010
0.000010 0.091196 0.000010 0.000010 0.908774
0.156654 0.440466 0.402856 0.000014 0.000010
0.000010 0.000010 0.000010 0.000010 0.999960
0.258206 0.656853 0.030009 0.000010 0.054922
0.258078 0.362408 0.379494 0.000010 0.000010
0.000010 0.447646 0.064045 0.000010 0.488288
0.000010 0.813234 0.000010 0.000010 0.186736
0.000010 0.684611 0.028253 0.000010 0.287117
0.302220 0.697750 0.000010 0.000010 0.000010
0.106898 0.873084 0.019997 0.000010 0.000010
0.563937 0.436033 0.000010 0.000010 0.000010
0.000010 0.414617 0.000010 0.000010 0.585353
0.000010 0.663639 0.000010 0.000010 0.336331
0.000010 0.417709 0.000010 0.000010 0.582261
0.000010 0.106828 0.000010 0.000010 0.893142
0.000010 0.602730 0.289858 0.000010 0.107391
0.017254 0.505312 0.348455 0.000010 0.128969
0.000010 0.452328 0.000010 0.000010 0.547642
0.000010 0.000010 0.135937 0.000010 0.864033
0.000010 0.604552 0.000010 0.000010 0.395418
0.000010 0.962217 0.000010 0.000010 0.037753
0.000010 0.281996 0.049640 0.012524 0.655830
0.000010 0.000010 0.161136 0.000010 0.838834
0.000010 0.000010 0.000013 0.000010 0.999957
0.000010 0.617267 0.331716 0.000010 0.050997
0.000010 0.166973 0.832997 0.000010 0.000010
0.000010 0.000010 0.999960 0.000010 0.000010
0.000010 0.075829 0.924141 0.000010 0.000010
0.020566 0.683105 0.296301 0.000018 0.000010
0.000010 0.780239 0.000010 0.000010 0.219731
0.000010 0.000010 0.000010 0.999960 0.000010
0.000010 0.608267 0.316391 0.075322 0.000010
0.000010 0.546443 0.000010 0.000010 0.453527
0.000010 0.564884 0.365719 0.000010 0.069376
0.000010 0.999960 0.000010 0.000010 0.000010
0.000010 0.000010 0.000010 0.000010 0.999960
0.000010 0.285778 0.034332 0.000010 0.679870
0.000010 0.639320 0.141968 0.000010 0.218692
0.000010 0.353565 0.000010 0.000010 0.646405
0.000010 0.000010 0.098978 0.000010 0.900992
0.000010 0.000011 0.000010 0.000010 0.999959
0.000010 0.000010 0.000010 0.000010 0.999960
0.000011 0.000010 0.000010 0.000010 0.999959
0.000010 0.284816 0.000010 0.000010 0.715154
0.000010 0.672092 0.000010 0.000010 0.327878
0.000010 0.240542 0.170470 0.000010 0.588968
0.085274 0.726735 0.106301 0.000010 0.081680
0.000010 0.637193 0.362777 0.000010 0.000010
0.000010 0.000010 0.982626 0.000010 0.017344
0.019261 0.215435 0.318035 0.000010 0.447260
0.000010 0.095228 0.727673 0.000010 0.177079
0.000010 0.000010 0.031909 0.000010 0.968061
0.000010 0.886561 0.016944 0.000010 0.096475
0.000010 0.240007 0.075290 0.000010 0.684683
0.000010 0.907035 0.000010 0.000010 0.092935
0.000010 0.634212 0.365758 0.000010 0.000010
0.000010 0.356233 0.000010 0.000010 0.643737
0.000010 0.809254 0.190716 0.000010 0.000010
0.000010 0.542135 0.395760 0.000010 0.062085
0.658565 0.097713 0.000010 0.000010 0.243702
0.000010 0.727381 0.035475 0.014839 0.222295
0.000010 0.038905 0.000010 0.000010 0.961065
0.000010 0.642778 0.000010 0.000010 0.357192
0.999960 0.000010 0.000010 0.000010 0.000010
0.000010 0.177530 0.000010 0.000010 0.822440
0.000010 0.874110 0.017606 0.000010 0.108263
0.000010 0.809682 0.000010 0.000010 0.190288
0.000010 0.000010 0.000010 0.000010 0.999960
0.000010 0.959663 0.040307 0.000010 0.000010
0.000010 0.999960 0.000010 0.000010 0.000010
0.000010 0.999960 0.000010 0.000010 0.000010
0.000010 0.799011 0.000010 0.000010 0.200959
0.000010 0.999960 0.000010 0.000010 0.000010
0.000010 0.999960 0.000010 0.000010 0.000010
0.000010 0.184152 0.049382 0.000010 0.766447
0.005031 0.712975 0.000010 0.000010 0.281975
0.000010 0.678805 0.017610 0.000010 0.303565
0.000010 0.351810 0.000010 0.000010 0.648160
0.000010 0.542847 0.101787 0.000010 0.355345
0.000010 0.071175 0.000010 0.000010 0.928795
0.000010 0.000010 0.000010 0.000010 0.999960
0.000010 0.739938 0.196135 0.000010 0.063907
0.000010 0.405503 0.082674 0.000010 0.511803
0.000010 0.090492 0.705292 0.033377 0.170829
0.000010 0.000010 0.824014 0.018217 0.157749
0.000010 0.711258 0.000010 0.000010 0.288712
0.000010 0.563561 0.000010 0.000010 0.436409
0.010345 0.902198 0.047383 0.000010 0.040064
0.000010 0.384120 0.395505 0.000010 0.220354
0.000010 0.202919 0.000010 0.000010 0.797051
0.000010 0.000010 0.748933 0.197227 0.053820
0.000010 0.206575 0.793395 0.000010 0.000010
0.000010 0.541957 0.000010 0.000010 0.458013
0.000010 0.068666 0.931304 0.000010 0.000010
0.000011 0.000010 0.999959 0.000010 0.000010
0.000010 0.148928 0.327077 0.000010 0.523975
0.000010 0.217952 0.782018 0.000010 0.000010
0.000010 0.000010 0.999960 0.000010 0.000010
0.000010 0.000010 0.961770 0.000010 0.038200
0.000010 0.000010 0.922772 0.000010 0.077198
0.000010 0.075659 0.759619 0.000010 0.164701
0.000010 0.692149 0.307821 0.000010 0.000010
0.418960 0.283553 0.297467 0.000010 0.000010
0.000010 0.000010 0.806550 0.000010 0.193420
0.000010 0.000010 0.999960 0.000010 0.000010
0.000010 0.241863 0.719576 0.000010 0.038541
0.000010 0.411787 0.518811 0.000010 0.069382
0.000010 0.792783 0.207187 0.000010 0.000010
0.000010 0.642481 0.357489 0.000010 0.000010
0.000010 0.393770 0.000010 0.000010 0.606200
0.000010 0.476531 0.000010 0.000010 0.523439
0.000010 0.000010 0.480141 0.000010 0.519829
0.000010 0.400829 0.000010 0.000010 0.599141
0.000010 0.602923 0.397047 0.000010 0.000010
0.000010 0.599720 0.400250 0.000010 0.000010
0.000010 0.525560 0.474410 0.000010 0.000010
0.000010 0.360944 0.000010 0.000010 0.639026
0.104271 0.578746 0.041008 0.001531 0.274443
0.000010 0.396678 0.287400 0.000010 0.315902
0.000010 0.153331 0.143136 0.000010 0.703514
0.000010 0.689421 0.123377 0.000010 0.187182
0.000010 0.650015 0.000010 0.000010 0.349955
0.000010 0.999960 0.000010 0.000010 0.000010
0.537159 0.462811 0.000010 0.000010 0.000010
0.682095 0.317875 0.000010 0.000010 0.000010
0.000010 0.775200 0.000010 0.000010 0.224770
0.079521 0.551611 0.368847 0.000010 0.000010
0.000010 0.287922 0.000010 0.000010 0.712048
0.000010 0.767186 0.114959 0.000010 0.117835
0.000010 0.999960 0.000010 0.000010 0.000010
0.000011 0.999959 0.000010 0.000010 0.000010
0.000010 0.946868 0.009542 0.000010 0.043570
0.000010 0.999960 0.000010 0.000010 0.000010
0.000010 0.471250 0.528720 0.000010 0.000010
0.000010 0.549804 0.450166 0.000010 0.000010
0.000010 0.351534 0.648436 0.000010 0.000010
0.000016 0.612966 0.386997 0.000010 0.000010
0.000010 0.639427 0.360543 0.000010 0.000010
0.000010 0.451231 0.548739 0.000010 0.000010
0.231364 0.665856 0.102760 0.000010 0.000010
0.053973 0.627621 0.318386 0.000010 0.000010
0.000010 0.999960 0.000010 0.000010 0.000010
0.347055 0.230806 0.422119 0.000010 0.000010
0.000010 0.809065 0.190905 0.000010 0.000010
0.000010 0.583983 0.415987 0.000010 0.000010
0.000010 0.558088 0.441882 0.000010 0.000010
0.000010 0.569237 0.430733 0.000010 0.000010
0.000010 0.567025 0.432945 0.000010 0.000010
0.000010 0.562214 0.437756 0.000010 0.000010
0.000010 0.343069 0.396480 0.000010 0.260431
0.000015 0.509342 0.490623 0.000010 0.000010
0.000010 0.875664 0.124306 0.000010 0.000010
0.000010 0.942677 0.057293 0.000010 0.000010
0.678307 0.321663 0.000010 0.000010 0.000010
0.338586 0.661384 0.000010 0.000010 0.000010
0.000010 0.486331 0.208207 0.019020 0.286432
0.000010 0.000010 0.000010 0.999960 0.000010
0.309971 0.689999 0.000010 0.000010 0.000010
0.173355 0.826615 0.000010 0.000010 0.000010
0.479056 0.000010 0.220534 0.056519 0.243882
0.651561 0.206829 0.000010 0.000010 0.141590
0.938292 0.000010 0.061678 0.000010 0.000010
0.938378 0.000010 0.000010 0.000010 0.061592
0.000010 0.999960 0.000010 0.000010 0.000010
0.000010 0.477232 0.501892 0.020299 0.000568
0.000010 0.471074 0.051961 0.000010 0.476945
0.070040 0.913254 0.000010 0.000010 0.016685
0.000010 0.000010 0.409043 0.000010 0.590927
0.000010 0.535451 0.403111 0.000010 0.061418
0.000010 0.365919 0.000010 0.000010 0.634051
0.000010 0.078316 0.000010 0.000010 0.921654
0.961208 0.000010 0.000010 0.038762 0.000010
0.000010 0.000010 0.000010 0.999960 0.000010
0.634472 0.120765 0.000010 0.244743 0.000010
0.000010 0.000010 0.000010 0.999960 0.000010
0.061313 0.938561 0.000012 0.000010 0.000104
0.000010 0.662625 0.337345 0.000010 0.000010
0.000010 0.507632 0.492338 0.000010 0.000010
0.236672 0.757935 0.000010 0.000010 0.005372
0.000010 0.749163 0.000010 0.000010 0.250806
0.928878 0.000010 0.000010 0.071092 0.000010
0.318929 0.559583 0.098017 0.000010 0.023460
