0.406360 0.000010 0.000010 0.321483 0.272057 0.000010 0.000010 0.000010 0.000010 0.000010 0.000010 0.000010 0.000010
0.000010 0.000010 0.000010 0.999880 0.000010 0.000010 0.000010 0.000010 0.000010 0.000010 0.000010 0.000010 0.000010
0.000010 0.027344 0.024517 0.580135 0.000010 0.000010 0.000010 0.000010 0.367914 0.000010 0.000010 0.000010 0.000010
0.999880 0.000010 0.000010 0.000010 0.000010 0.000010 0.000010 0.000010 0.000010 0.000010 0.000010 0.000010 0.000010
0.185128 0.000010 0.000010 0.605580 0.209193 0.000010 0.000010 0.000010 0.000010 0.000010 0.000010 0.000010 0.000010
0.000010 0.000010 0.000010 0.229052 0.000010 0.000010 0.000010 0.000010 0.000010 0.000010 0.000010 0.770838 0.000010
0.054888 0.000010 0.304597 0.640414 0.000010 0.000010 0.000010 0.000010 0.000010 0.000010 0.000010 0.000010 0.000010
0.000010 0.000010 0.000010 0.062638 0.000010 0.000010 0.000010 0.000010 0.000010 0.000010 0.000010 0.937252 0.000010
0.000010 0.000010 0.000010 0.000010 0.000010 0.000010 0.000010 0.999880 0.000010 0.000010 0.000010 0.000010 0.000010
0.000010 0.000010 0.000010 0.000010 0.000010 0.000010 0.000010 0.000010 0.000010 0.000010 0.000010 0.999880 0.000010
0.000010 0.000010 0.000010 0.000010 0.000010 0.000010 0.000010 0.000010 0.000010 0.000010 0.000010 0.999880 0.000010
0.541061 0.000010 0.000010 0.000010 0.000010 0.000010 0.000010 0.000010 0.000010 0.000010 0.458829 0.000010 0.000010
0.000010 0.000010 0.056546 0.160159 0.000010 0.000010 0.000010 0.000010 0.711112 0.000010 0.072092 0.000010 0.000010
0.000010 0.000010 0.000010 0.000010 0.000010 0.000010 0.000010 0.000010 0.816113 0.000010 0.000010 0.183777 0.000010
0.000010 0.000010 0.000010 0.000010 0.000010 0.000010 0.000010 0.000010 0.999879 0.000011 0.000010 0.000010 0.000010
0.000010 0.000010 0.054244 0.372220 0.000010 0.000010 0.000010 0.000010 0.000010 0.000010 0.137781 0.435665 0.000010
0.066316 0.009720 0.000010 0.165493 0.064747 0.000010 0.000010 0.000010 0.053390 0.000010 0.094044 0.546230 0.000010
0.000010 0.000010 0.000010 0.055482 0.000010 0.000010 0.000010 0.000010 0.391864 0.000010 0.156500 0.396064 0.000010
0.000010 0.000010 0.000010 0.194303 0.000010 0.000010 0.000010 0.000010 0.000010 0.000010 0.000010 0.805587 0.000010
0.000010 0.000010 0.000010 0.201033 0.000010 0.000010 0.000010 0.000010 0.658287 0.000010 0.140580 0.000010 0.000010
0.000010 0.000010 0.000010 0.000010 0.000010 0.000010 0.000010 0.000010 0.409576 0.000010 0.000010 0.590314 0.000010
0.000010 0.000010 0.000010 0.204955 0.000010 0.000010 0.000010 0.000010 0.477324 0.000010 0.000010 0.317622 0.000010
0.000010 0.000010 0.000010 0.000010 0.336630 0.000010 0.027545 0.000010 0.000010 0.000010 0.635725 0.000010 0.000010
0.041013 0.000010 0.000010 0.221001 0.000010 0.000010 0.000010 0.000011 0.310726 0.000010 0.000010 0.427168 0.000010
0.000010 0.000010 0.000010 0.000010 0.000010 0.000010 0.000010 0.915216 0.000010 0.000010 0.000010 0.000010 0.084674
0.000010 0.000010 0.000010 0.000010 0.000010 0.000010 0.000010 0.000010 0.121398 0.878492 0.000010 0.000010 0.000010
0.000010 0.000010 0.000010 0.000010 0.000010 0.999880 0.000010 0.000010 0.000010 0.000010 0.000010 0.000010 0.000010
0.999880 0.000010 0.000010 0.000010 0.000010 0.000010 0.000010 0.000010 0.000010 0.000010 0.000010 0.000010 0.000010
0.000010 0.000010 0.000010 0.000010 0.000010 0.999875 0.000010 0.000015 0.000010 0.000010 0.000010 0.000010 0.000010
0.000010 0.000010 0.000010 0.000010 0.000010 0.000010 0.000010 0.000010 0.999880 0.000010 0.000010 0.000010 0.000010
0.000010 0.000010 0.000010 0.000010 0.000010 0.000010 0.000010 0.000010 0.000017 0.127652 0.000010 0.872231 0.000010
0.000010 0.000010 0.000010 0.000010 0.000010 0.999880 0.000010 0.000010 0.000010 0.000010 0.000010 0.000010 0.000010
0.000010 0.000010 0.000010 0.000010 0.000010 0.999880 0.000010 0.000010 0.000010 0.000010 0.000010 0.000010 0.000010
0.000010 0.017218 0.000010 0.000010 0.000010 0.296361 0.000010 0.618109 0.000010 0.000010 0.000010 0.000010 0.068222
0.000010 0.000010 0.000010 0.000010 0.000010 0.000010 0.000010 0.000010 0.115000 0.884887 0.000010 0.000013 0.000010
0.000011 0.000010 0.000010 0.000017 0.000016 0.999866 0.000010 0.000010 0.000010 0.000010 0.000010 0.000010 0.000010
0.000010 0.000010 0.000010 0.067236 0.000010 0.000010 0.000010 0.000010 0.000010 0.715517 0.013465 0.203691 0.000010
0.000010 0.000010 0.000010 0.000010 0.000010 0.000010 0.000010 0.687988 0.132826 0.179086 0.000010 0.000010 0.000010
0.000010 0.000010 0.000010 0.000010 0.000010 0.000010 0.000010 0.000010 0.000010 0.700550 0.000010 0.240655 0.058695
0.000010 0.000010 0.000010 0.094820 0.000010 0.000010 0.064014 0.000010 0.388094 0.000010 0.000010 0.452982 0.000010
0.000010 0.000010 0.000010 0.000010 0.000010 0.999880 0.000010 0.000010 0.000010 0.000010 0.000010 0.000010 0.000010
0.000010 0.000010 0.000010 0.000010 0.000010 0.000010 0.000010 0.999880 0.000010 0.000010 0.000010 0.000010 0.000010
0.000010 0.000010 0.000010 0.000010 0.000010 0.000010 0.000010 0.000010 0.000011 0.999879 0.000010 0.000010 0.000010
0.000010 0.000010 0.000010 0.000010 0.000010 0.000010 0.000010 0.999880 0.000010 0.000010 0.000010 0.000010 0.000010
0.000010 0.000010 0.000010 0.000010 0.000010 0.000010 0.000010 0.000016 0.000010 0.999874 0.000010 0.000010 0.000010
0.000010 0.000010 0.000010 0.000010 0.000010 0.000010 0.000010 0.638752 0.000010 0.361138 0.000010 0.000010 0.000010
0.000010 0.000010 0.000015 0.000010 0.000010 0.999871 0.000010 0.000013 0.000010 0.000010 0.000010 0.000010 0.000010
0.000010 0.000010 0.000010 0.000010 0.000010 0.999880 0.000010 0.000010 0.000010 0.000010 0.000010 0.000010 0.000010
0.000010 0.000010 0.000010 0.000010 0.000010 0.909068 0.000010 0.000010 0.004112 0.086720 0.000010 0.000010 0.000010
0.000010 0.000010 0.000010 0.000010 0.000010 0.999880 0.000010 0.000010 0.000010 0.000010 0.000010 0.000010 0.000010
0.000010 0.000010 0.000010 0.000010 0.000010 0.000010 0.000010 0.999880 0.000010 0.000010 0.000010 0.000010 0.000010
0.000010 0.000010 0.000010 0.000010 0.000010 0.000010 0.000010 0.999880 0.000010 0.000010 0.000010 0.000010 0.000010
0.000010 0.000010 0.000010 0.000010 0.000010 0.000010 0.000019 0.000017 0.156664 0.843211 0.000010 0.000010 0.000010
0.000010 0.000010 0.000010 0.000010 0.000010 0.999872 0.000010 0.000010 0.000010 0.000018 0.000010 0.000010 0.000010
0.000010 0.000010 0.000010 0.000010 0.000010 0.999880 0.000010 0.000010 0.000010 0.000010 0.000010 0.000010 0.000010
0.000010 0.000010 0.000010 0.000010 0.000010 0.999880 0.000010 0.000010 0.000010 0.000010 0.000010 0.000010 0.000010
0.000010 0.000010 0.000010 0.000010 0.000010 0.000010 0.000010 0.000010 0.000010 0.824802 0.175088 0.000010 0.000010
0.000010 0.000010 0.000010 0.000010 0.000010 0.999880 0.000010 0.000010 0.000010 0.000010 0.000010 0.000010 0.000010
0.000010 0.000010 0.000010 0.000010 0.000015 0.999868 0.000012 0.000015 0.000010 0.000010 0.000010 0.000010 0.000010
0.000010 0.000010 0.000010 0.000010 0.000010 0.999880 0.000010 0.000010 0.000010 0.000010 0.000010 0.000010 0.000010
0.000010 0.000010 0.000010 0.000010 0.000010 0.000010 0.000010 0.000010 0.000010 0.999880 0.000010 0.000010 0.000010
0.000010 0.000010 0.000010 0.000010 0.000010 0.000010 0.000010 0.417121 0.000013 0.582766 0.000010 0.000010 0.000010
0.000010 0.000010 0.000010 0.000011 0.000010 0.000010 0.000010 0.000014 0.000010 0.999874 0.000010 0.000010 0.000010
0.000010 0.000010 0.000010 0.000010 0.000010 0.000010 0.000010 0.000010 0.000010 0.999880 0.000010 0.000010 0.000010
0.000010 0.000010 0.000010 0.000010 0.000010 0.000010 0.000010 0.999880 0.000010 0.000010 0.000010 0.000010 0.000010
0.000010 0.000010 0.000010 0.000010 0.000010 0.000010 0.000010 0.999880 0.000010 0.000010 0.000010 0.000010 0.000010
0.000010 0.000010 0.103604 0.129784 0.000010 0.000010 0.046613 0.000010 0.378701 0.000010 0.000010 0.331151 0.010077
0.000010 0.000011 0.136946 0.000010 0.000010 0.000010 0.000011 0.000010 0.755834 0.000010 0.000010 0.107119 0.000010
0.000010 0.000010 0.000010 0.000010 0.000010 0.000010 0.000010 0.000010 0.000010 0.000010 0.000010 0.999880 0.000010
0.000010 0.000010 0.000010 0.000010 0.000010 0.000010 0.000010 0.000010 0.000010 0.000010 0.000010 0.999880 0.000010
0.000010 0.000010 0.000010 0.312902 0.000010 0.000010 0.000010 0.000010 0.000010 0.000010 0.000010 0.686988 0.000010
0.666437 0.000010 0.000010 0.333453 0.000010 0.000010 0.000010 0.000010 0.000010 0.000010 0.000010 0.000010 0.000010
0.159084 0.000010 0.000010 0.000010 0.668729 0.000010 0.145499 0.000010 0.000010 0.000010 0.026599 0.000010 0.000010
0.000010 0.000010 0.186914 0.750102 0.000010 0.000010 0.000010 0.000010 0.000010 0.000010 0.062884 0.000010 0.000010
0.000010 0.000010 0.000010 0.499640 0.000010 0.000010 0.118675 0.000010 0.000010 0.000010 0.381585 0.000010 0.000010
0.000010 0.000010 0.000014 0.999876 0.000010 0.000010 0.000010 0.000010 0.000010 0.000010 0.000010 0.000010 0.000010
0.000010 0.000010 0.000010 0.502766 0.000010 0.000010 0.119910 0.000010 0.000010 0.000010 0.377224 0.000010 0.000010
0.000010 0.127052 0.000010 0.654913 0.000010 0.000010 0.000010 0.000010 0.000010 0.000010 0.217934 0.000010 0.000010
0.000010 0.000010 0.000010 0.896162 0.103725 0.000010 0.000010 0.000011 0.000011 0.000010 0.000010 0.000010 0.000010
0.000010 0.000010 0.000010 0.680120 0.000011 0.000013 0.319765 0.000010 0.000010 0.000010 0.000010 0.000010 0.000010
0.207960 0.000010 0.000010 0.503195 0.138802 0.000010 0.000010 0.000010 0.000010 0.000010 0.000010 0.149954 0.000010
0.000010 0.000010 0.085746 0.000010 0.459793 0.000010 0.264240 0.000010 0.000010 0.000010 0.000010 0.000010 0.190131
0.000010 0.000010 0.640013 0.000010 0.070858 0.000010 0.289029 0.000010 0.000010 0.000010 0.000010 0.000010 0.000010
0.058655 0.287218 0.528506 0.000010 0.000010 0.001983 0.123559 0.000010 0.000010 0.000010 0.000010 0.000010 0.000010
0.057500 0.000010 0.000010 0.300133 0.000010 0.000010 0.000010 0.000010 0.000010 0.000010 0.000010 0.642267 0.000010
0.000010 0.000010 0.000010 0.972295 0.000010 0.000010 0.000010 0.000010 0.000010 0.000010 0.027595 0.000010 0.000010
0.195351 0.000010 0.000010 0.194764 0.609785 0.000010 0.000010 0.000010 0.000010 0.000010 0.000010 0.000010 0.000010
0.000010 0.000011 0.000010 0.999877 0.000010 0.000010 0.000010 0.000010 0.000010 0.000012 0.000010 0.000010 0.000010
0.000010 0.000010 0.000010 0.114405 0.000010 0.000010 0.000010 0.000010 0.000010 0.000010 0.000010 0.885485 0.000010
0.661861 0.000010 0.000010 0.338029 0.000010 0.000010 0.000010 0.000010 0.000010 0.000010 0.000010 0.000010 0.000010
0.606387 0.000010 0.000010 0.000010 0.000010 0.000010 0.000010 0.000010 0.000010 0.000010 0.000010 0.000010 0.393503
0.000010 0.000010 0.000010 0.000010 0.000010 0.000010 0.000010 0.000010 0.000010 0.000010 0.532637 0.000010 0.467253
0.000010 0.000010 0.000010 0.000010 0.128556 0.000010 0.000010 0.000010 0.000010 0.000010 0.871334 0.000010 0.000010
0.220582 0.000010 0.000010 0.000010 0.009808 0.000010 0.000010 0.000010 0.000010 0.000010 0.088862 0.000010 0.680657
0.868861 0.000010 0.000010 0.131029 0.000010 0.000010 0.000010 0.000010 0.000010 0.000010 0.000010 0.000010 0.000010
0.234788 0.000010 0.000010 0.553096 0.212016 0.000010 0.000010 0.000010 0.000010 0.000010 0.000010 0.000010 0.000010
0.000010 0.000010 0.122923 0.000010 0.319724 0.000010 0.314973 0.000010 0.000010 0.000010 0.242290 0.000010 0.000010
0.000010 0.000010 0.000010 0.456932 0.367782 0.000010 0.000010 0.000010 0.000010 0.000010 0.175185 0.000010 0.000010
0.072405 0.000010 0.000010 0.299042 0.603586 0.000010 0.000010 0.000010 0.000010 0.000010 0.024876 0.000010 0.000010
0.000010 0.095924 0.000010 0.199938 0.000010 0.000010 0.000010 0.000010 0.000010 0.000010 0.704037 0.000010 0.000010
0.000010 0.000010 0.000010 0.000010 0.999880 0.000010 0.000010 0.000010 0.000010 0.000010 0.000010 0.000010 0.000010
0.697080 0.000010 0.000010 0.302810 0.000010 0.000010 0.000010 0.000010 0.000010 0.000010 0.000010 0.000010 0.000010
0.999878 0.000010 0.000010 0.000010 0.000012 0.000010 0.000010 0.000010 0.000010 0.000010 0.000010 0.000010 0.000010
0.000010 0.000010 0.000010 0.034562 0.043160 0.000010 0.000010 0.000010 0.000010 0.000010 0.282818 0.000010 0.639370
0.000010 0.000010 0.000010 0.000010 0.413372 0.000010 0.000010 0.000010 0.000010 0.000010 0.193179 0.000010 0.393349
0.842323 0.000010 0.000010 0.157567 0.000010 0.000010 0.000010 0.000010 0.000010 0.000010 0.000010 0.000010 0.000010
0.404809 0.000010 0.000010 0.273472 0.102381 0.000010 0.087495 0.000013 0.000010 0.000010 0.000010 0.000010 0.131760
0.000010 0.000010 0.000010 0.000010 0.000010 0.000010 0.000010 0.000010 0.000010 0.000010 0.999880 0.000010 0.000010
0.662064 0.000010 0.000010 0.000010 0.000010 0.000010 0.000010 0.000010 0.000010 0.000010 0.337826 0.000010 0.000010
0.000010 0.000010 0.000010 0.000010 0.000010 0.000010 0.000010 0.000010 0.000010 0.000010 0.000011 0.000010 0.999879
0.203548 0.000010 0.000010 0.000010 0.255725 0.000010 0.000010 0.000010 0.000010 0.000010 0.083790 0.456847 0.000010
0.624869 0.000010 0.000010 0.134540 0.172049 0.000010 0.000010 0.000010 0.000010 0.000010 0.000010 0.000010 0.068451
0.058020 0.000010 0.000010 0.000010 0.000010 0.000010 0.000010 0.000010 0.000010 0.000010 0.601373 0.000010 0.340506
0.000010 0.000010 0.009539 0.000010 0.000010 0.000010 0.171732 0.210404 0.000010 0.000010 0.608235 0.000010 0.000010
0.000011 0.000010 0.098700 0.397943 0.293164 0.000010 0.000010 0.000010 0.000010 0.000010 0.000010 0.000010 0.210102
0.000010 0.000010 0.000010 0.162284 0.000010 0.000010 0.000010 0.000010 0.000010 0.000010 0.000010 0.837606 0.000010
0.107203 0.000010 0.086389 0.144254 0.065747 0.000010 0.000010 0.000010 0.310540 0.000010 0.000010 0.285798 0.000010
0.040492 0.000010 0.000010 0.000010 0.000010 0.000010 0.000010 0.000010 0.000010 0.000010 0.117194 0.000010 0.842214
0.000010 0.000010 0.000010 0.000010 0.000010 0.000010 0.203003 0.000010 0.000010 0.000010 0.796887 0.000010 0.000010
0.189402 0.000010 0.000010 0.000010 0.000010 0.000010 0.000010 0.000010 0.000010 0.000010 0.678170 0.000010 0.132328
0.520847 0.027535 0.000010 0.239128 0.171743 0.000010 0.000010 0.000010 0.000010 0.000010 0.000010 0.000010 0.040667
0.000010 0.000010 0.000010 0.000010 0.000010 0.000010 0.000010 0.000010 0.000010 0.000010 0.999880 0.000010 0.000010
0.999875 0.000010 0.000010 0.000010 0.000010 0.000010 0.000010 0.000010 0.000010 0.000010 0.000015 0.000010 0.000010
0.000010 0.774194 0.000010 0.000010 0.000010 0.000010 0.000010 0.000010 0.000010 0.000010 0.000010 0.000010 0.225696
0.000010 0.000010 0.030610 0.733470 0.000010 0.000010 0.032481 0.000010 0.000010 0.000010 0.160493 0.000010 0.042867
0.000010 0.000010 0.000010 0.999880 0.000010 0.000010 0.000010 0.000010 0.000010 0.000010 0.000010 0.000010 0.000010
0.000010 0.000010 0.000010 0.073851 0.167452 0.000010 0.000010 0.000010 0.000010 0.000010 0.262035 0.496572 0.000010
0.044694 0.000010 0.000010 0.754787 0.200419 0.000010 0.000010 0.000010 0.000010 0.000010 0.000010 0.000010 0.000010
0.000010 0.668455 0.331435 0.000010 0.000010 0.000010 0.000010 0.000010 0.000010 0.000010 0.000010 0.000010 0.000010
0.000010 0.128380 0.722913 0.028641 0.000010 0.000010 0.000010 0.000010 0.000010 0.000010 0.119976 0.000010 0.000010
0.000010 0.859037 0.000010 0.000010 0.000010 0.000010 0.000010 0.000019 0.000010 0.000010 0.000010 0.000010 0.140844
0.000012 0.000010 0.000010 0.221024 0.686493 0.000010 0.000010 0.000010 0.000010 0.000010 0.092381 0.000010 0.000010
0.999880 0.000010 0.000010 0.000010 0.000010 0.000010 0.000010 0.000010 0.000010 0.000010 0.000010 0.000010 0.000010
0.823098 0.000010 0.000010 0.077607 0.000010 0.000010 0.000010 0.000010 0.000010 0.000010 0.099195 0.000010 0.000010
0.000010 0.000010 0.000010 0.000010 0.000010 0.000010 0.000010 0.000010 0.000010 0.000010 0.999880 0.000010 0.000010
0.628880 0.000010 0.000010 0.000010 0.183373 0.000010 0.000010 0.000010 0.000010 0.000010 0.187646 0.000010 0.000010
0.786984 0.000010 0.000010 0.000010 0.103392 0.000010 0.000010 0.000010 0.000010 0.000010 0.109524 0.000010 0.000010
0.004428 0.000010 0.000010 0.242182 0.105919 0.000010 0.000010 0.000010 0.000010 0.021501 0.442657 0.000010 0.183243
0.000010 0.000010 0.241177 0.758713 0.000010 0.000010 0.000010 0.000010 0.000010 0.000010 0.000010 0.000010 0.000010
0.000010 0.215646 0.449349 0.000010 0.000010 0.000010 0.000010 0.000010 0.000010 0.000010 0.000010 0.000010 0.334905
0.000010 0.000010 0.000010 0.185808 0.237832 0.000010 0.000010 0.000010 0.000010 0.314958 0.000010 0.261312 0.000010
0.000010 0.215974 0.514362 0.142133 0.000010 0.000010 0.080486 0.000010 0.000010 0.000010 0.046965 0.000010 0.000010
0.000010 0.032212 0.000010 0.049483 0.533009 0.000010 0.104338 0.000013 0.000013 0.000010 0.025540 0.255342 0.000010
0.744829 0.055845 0.075966 0.000010 0.000010 0.000010 0.000010 0.000010 0.000010 0.000010 0.083115 0.000010 0.040166
0.000010 0.000010 0.000010 0.073095 0.572920 0.000010 0.000010 0.000010 0.000010 0.180151 0.000010 0.173744 0.000010
0.000010 0.000010 0.000010 0.000010 0.000010 0.000010 0.000010 0.000010 0.000010 0.000010 0.399706 0.000010 0.600184
0.000010 0.000010 0.000010 0.000010 0.000010 0.000010 0.000010 0.000010 0.000010 0.000010 0.387348 0.000010 0.612542
0.000010 0.000011 0.086237 0.700704 0.000010 0.000010 0.000010 0.000011 0.212957 0.000010 0.000010 0.000010 0.000010
0.406777 0.000010 0.000010 0.000010 0.588317 0.000010 0.000010 0.000010 0.000010 0.000010 0.004806 0.000010 0.000010
0.000010 0.274097 0.000010 0.399227 0.000010 0.000010 0.000010 0.000010 0.295782 0.000010 0.000010 0.000010 0.030803
0.945817 0.000010 0.000010 0.000010 0.000010 0.000010 0.000010 0.000010 0.000010 0.000010 0.000010 0.000010 0.054073
0.000010 0.000010 0.000010 0.225035 0.372485 0.000010 0.000010 0.000010 0.000010 0.257599 0.000010 0.144792 0.000010
0.000010 0.000010 0.717749 0.000010 0.038069 0.000010 0.000010 0.000010 0.000010 0.182697 0.000010 0.061394 0.000010
0.000010 0.000010 0.000010 0.444181 0.196738 0.000010 0.000010 0.000010 0.000010 0.000010 0.000010 0.000010 0.358981
0.202345 0.000010 0.072372 0.725182 0.000010 0.000010 0.000010 0.000010 0.000010 0.000010 0.000010 0.000010 0.000010
0.000010 0.000010 0.000010 0.000010 0.440990 0.000010 0.000010 0.000010 0.000010 0.000010 0.121217 0.437694 0.000010
0.000010 0.000010 0.000010 0.000010 0.000010 0.000010 0.000010 0.000010 0.000010 0.152312 0.057868 0.789720 0.000010
0.000010 0.000010 0.000010 0.773678 0.000010 0.000010 0.119588 0.000010 0.106634 0.000010 0.000010 0.000010 0.000010
0.000010 0.000010 0.000010 0.208150 0.000010 0.000010 0.000010 0.000010 0.000010 0.551572 0.000010 0.240179 0.000010
0.165339 0.000010 0.000010 0.064557 0.770004 0.000010 0.000010 0.000010 0.000010 0.000010 0.000010 0.000010 0.000010
0.401414 0.000010 0.000010 0.459394 0.139093 0.000010 0.000010 0.000010 0.000010 0.000010 0.000010 0.000010 0.000010
0.000010 0.000010 0.000010 0.000010 0.999880 0.000010 0.000010 0.000010 0.000010 0.000010 0.000010 0.000010 0.000010
0.795967 0.000010 0.000010 0.030273 0.000010 0.000010 0.000010 0.000010 0.000010 0.000010 0.150858 0.022812 0.000010
0.119289 0.000010 0.062779 0.262166 0.026275 0.000010 0.418793 0.000010 0.000010 0.000010 0.110628 0.000010 0.000010
0.221717 0.009762 0.166222 0.100670 0.000010 0.000010 0.323987 0.000010 0.117510 0.000010 0.060071 0.000010 0.000010
0.000010 0.000010 0.000012 0.214485 0.785401 0.000010 0.000010 0.000010 0.000010 0.000011 0.000010 0.000010 0.000010
0.000010 0.000010 0.000010 0.000010 0.382230 0.000010 0.000010 0.000010 0.000010 0.000010 0.487680 0.000010 0.129990
0.087511 0.000010 0.000010 0.331114 0.581275 0.000010 0.000010 0.000010 0.000010 0.000010 0.000010 0.000010 0.000010
0.000010 0.000010 0.000010 0.901504 0.098386 0.000010 0.000010 0.000010 0.000010 0.000010 0.000010 0.000010 0.000010
0.074856 0.068436 0.000010 0.274084 0.000010 0.000010 0.000010 0.000010 0.000010 0.000010 0.582534 0.000010 0.000010
0.000010 0.000010 0.000010 0.000010 0.000010 0.000010 0.000010 0.000010 0.000010 0.000010 0.999880 0.000010 0.000010
0.487347 0.000010 0.000010 0.000010 0.000010 0.000010 0.000010 0.000010 0.000010 0.000010 0.512543 0.000010 0.000010
0.000010 0.000010 0.267777 0.312420 0.309426 0.000010 0.013608 0.000010 0.000010 0.000010 0.000010 0.000010 0.096689
0.000010 0.000010 0.793299 0.000010 0.000010 0.000010 0.000010 0.000010 0.000010 0.000010 0.000010 0.000010 0.206591
0.000010 0.075508 0.452184 0.000010 0.000010 0.000010 0.149372 0.000010 0.000010 0.000010 0.000010 0.000010 0.322847
0.000010 0.000010 0.954627 0.000010 0.000010 0.000010 0.000010 0.000010 0.000010 0.000010 0.045263 0.000010 0.000010
0.000010 0.000010 0.013295 0.393075 0.011836 0.000010 0.459429 0.000010 0.122282 0.000014 0.000010 0.000010 0.000010
0.000010 0.000010 0.000010 0.780092 0.000010 0.000010 0.000010 0.000010 0.004492 0.000010 0.215316 0.000010 0.000010
0.000010 0.000010 0.000010 0.000010 0.000010 0.999880 0.000010 0.000010 0.000010 0.000010 0.000010 0.000010 0.000010
0.101659 0.021113 0.032414 0.327760 0.000010 0.081297 0.435688 0.000010 0.000010 0.000010 0.000010 0.000010 0.000010
0.000010 0.000010 0.000010 0.484547 0.221564 0.000010 0.000010 0.000010 0.000010 0.000010 0.293789 0.000010 0.000010
0.000010 0.000010 0.455295 0.449556 0.000010 0.000010 0.000010 0.000010 0.000010 0.000010 0.095049 0.000010 0.000010
0.000010 0.000012 0.099054 0.900834 0.000010 0.000010 0.000010 0.000010 0.000010 0.000010 0.000010 0.000010 0.000010
0.036033 0.000010 0.000010 0.000010 0.066048 0.000010 0.000010 0.000010 0.000010 0.000010 0.355860 0.000010 0.541969
0.000010 0.033148 0.000010 0.000010 0.810144 0.000010 0.000010 0.000010 0.000010 0.000010 0.156608 0.000010 0.000010
0.000010 0.000010 0.005863 0.000010 0.810899 0.000010 0.097298 0.000010 0.000010 0.000010 0.000010 0.059072 0.026787
0.791093 0.000010 0.000010 0.139699 0.069108 0.000010 0.000010 0.000010 0.000010 0.000010 0.000010 0.000010 0.000010
0.188388 0.000010 0.000010 0.000010 0.059191 0.000010 0.000010 0.000010 0.000010 0.000010 0.250507 0.000010 0.501824
0.999880 0.000010 0.000010 0.000010 0.000010 0.000010 0.000010 0.000010 0.000010 0.000010 0.000010 0.000010 0.000010
0.106800 0.000010 0.000010 0.000010 0.000010 0.000010 0.000010 0.000010 0.000010 0.000010 0.893090 0.000010 0.000010
0.925881 0.000010 0.000010 0.000010 0.000010 0.000010 0.000010 0.000010 0.000010 0.000010 0.074009 0.000010 0.000010
0.655828 0.000010 0.000010 0.113077 0.230995 0.000010 0.000010 0.000010 0.000010 0.000010 0.000010 0.000010 0.000010
0.222322 0.000010 0.000010 0.573929 0.191825 0.000010 0.000010 0.000010 0.000010 0.000010 0.011834 0.000010 0.000010
0.000010 0.000010 0.000010 0.195328 0.350374 0.000010 0.000010 0.000010 0.000013 0.000010 0.241374 0.000010 0.212830
0.000010 0.061566 0.027870 0.000010 0.590223 0.000010 0.033864 0.000010 0.000010 0.043410 0.000010 0.242997 0.000010
0.000010 0.000010 0.224477 0.325241 0.000010 0.000010 0.375659 0.000010 0.000010 0.000010 0.067925 0.006619 0.000010
0.000010 0.893096 0.000010 0.000010 0.029909 0.000010 0.000010 0.000010 0.000010 0.000010 0.076895 0.000010 0.000010
0.000010 0.362557 0.000010 0.212695 0.000010 0.000010 0.000010 0.000010 0.000010 0.000010 0.424648 0.000010 0.000010
0.034887 0.794779 0.000010 0.042186 0.100123 0.000010 0.000010 0.000010 0.000010 0.000010 0.027945 0.000010 0.000010
0.000010 0.000010 0.000010 0.000010 0.000010 0.000010 0.000010 0.000010 0.000010 0.000010 0.999880 0.000010 0.000010
0.000010 0.000010 0.082805 0.239648 0.485097 0.000010 0.000010 0.000010 0.000010 0.000010 0.000010 0.192361 0.000010
0.175483 0.000010 0.000010 0.113066 0.168070 0.000010 0.115694 0.000010 0.000010 0.000010 0.423076 0.004541 0.000010
0.000010 0.000010 0.034985 0.597660 0.000010 0.000010 0.000010 0.000010 0.000010 0.000010 0.062210 0.305054 0.000010
0.000010 0.173478 0.000010 0.494375 0.000010 0.000010 0.134443 0.000010 0.000010 0.000010 0.197615 0.000010 0.000010
0.999880 0.000010 0.000010 0.000010 0.000010 0.000010 0.000010 0.000010 0.000010 0.000010 0.000010 0.000010 0.000010
0.000010 0.000010 0.462940 0.536950 0.000010 0.000010 0.000010 0.000010 0.000010 0.000010 0.000010 0.000010 0.000010
0.043155 0.114319 0.000010 0.244446 0.000010 0.000010 0.527547 0.000010 0.000010 0.000010 0.000010 0.000010 0.070453
0.206879 0.000010 0.000010 0.000010 0.000010 0.000010 0.000010 0.000010 0.000010 0.619642 0.000010 0.173379 0.000010
0.040108 0.000010 0.000010 0.000010 0.119191 0.000010 0.000010 0.000010 0.000010 0.000010 0.000010 0.700631 0.139980
0.348164 0.000010 0.000010 0.000010 0.529741 0.000010 0.000010 0.000010 0.000010 0.000010 0.121994 0.000010 0.000010
0.043108 0.000010 0.000010 0.400225 0.479740 0.000010 0.000010 0.000010 0.000010 0.000010 0.000010 0.076837 0.000010
0.000010 0.000010 0.000010 0.000010 0.000010 0.000010 0.000010 0.000010 0.000010 0.999880 0.000010 0.000010 0.000010
0.520602 0.000010 0.000010 0.144904 0.070980 0.000010 0.000010 0.000010 0.000010 0.000010 0.263424 0.000010 0.000010
0.004515 0.000010 0.000010 0.797659 0.134170 0.000010 0.037794 0.000010 0.000010 0.000010 0.025781 0.000010 0.000010
0.000010 0.000010 0.028709 0.213365 0.757826 0.000010 0.000010 0.000010 0.000010 0.000010 0.000010 0.000010 0.000010
0.308448 0.000010 0.000010 0.000010 0.483909 0.000010 0.000010 0.000010 0.000010 0.000010 0.207543 0.000010 0.000010
0.000010 0.000010 0.000010 0.928726 0.000010 0.000010 0.071164 0.000010 0.000010 0.000010 0.000010 0.000010 0.000010
0.000010 0.000010 0.000010 0.906200 0.000010 0.000010 0.000010 0.000015 0.000010 0.000010 0.000014 0.093681 0.000010
0.000010 0.000010 0.000010 0.999880 0.000010 0.000010 0.000010 0.000010 0.000010 0.000010 0.000010 0.000010 0.000010
0.136995 0.000010 0.000010 0.222090 0.000010 0.000010 0.000010 0.000010 0.000010 0.000010 0.000010 0.640815 0.000010
0.000010 0.000010 0.000010 0.000010 0.000010 0.000010 0.000010 0.000010 0.000010 0.000010 0.000010 0.999880 0.000010
0.000010 0.000010 0.000010 0.999880 0.000010 0.000010 0.000010 0.000010 0.000010 0.000010 0.000010 0.000010 0.000010
0.000010 0.000010 0.000010 0.000010 0.748178 0.000010 0.000010 0.000010 0.000010 0.000010 0.251712 0.000010 0.000010
0.209806 0.000010 0.000010 0.000010 0.000010 0.000010 0.000010 0.000010 0.000010 0.000010 0.000010 0.790084 0.000010
0.054951 0.000010 0.000010 0.512286 0.317496 0.000010 0.063077 0.000010 0.000010 0.000010 0.052109 0.000010 0.000010
0.999880 0.000010 0.000010 0.000010 0.000010 0.000010 0.000010 0.000010 0.000010 0.000010 0.000010 0.000010 0.000010
0.113206 0.000010 0.000010 0.398572 0.068852 0.000010 0.140141 0.000010 0.000010 0.000010 0.279149 0.000010 0.000010
0.348594 0.000010 0.000010 0.000010 0.607586 0.000010 0.000010 0.000010 0.000010 0.000010 0.043721 0.000010 0.000010
0.782800 0.000010 0.000010 0.000010 0.000010 0.000010 0.000010 0.000010 0.000010 0.000010 0.217090 0.000010 0.000010
0.012231 0.048551 0.025545 0.508361 0.000010 0.000010 0.321784 0.000010 0.000010 0.000010 0.083458 0.000010 0.000010
0.069304 0.000010 0.202184 0.152758 0.534708 0.000010 0.000010 0.000010 0.000010 0.000010 0.040966 0.000010 0.000010
0.033987 0.195540 0.255366 0.000010 0.000010 0.000010 0.093825 0.000010 0.000010 0.000010 0.000010 0.000010 0.421201
0.000010 0.322180 0.216898 0.000010 0.000010 0.000010 0.000010 0.000010 0.000010 0.000010 0.000010 0.000010 0.460822
0.468840 0.000010 0.000010 0.531050 0.000010 0.000010 0.000010 0.000010 0.000010 0.000010 0.000010 0.000010 0.000010
0.099997 0.000010 0.000010 0.573966 0.000010 0.000010 0.000010 0.000010 0.000010 0.000010 0.325937 0.000010 0.000010
0.000010 0.048236 0.000010 0.901178 0.000010 0.000010 0.000010 0.000010 0.000010 0.000010 0.050486 0.000010 0.000010
0.000010 0.037141 0.230136 0.247256 0.044314 0.000010 0.000010 0.000010 0.000010 0.000010 0.441073 0.000010 0.000010
0.362480 0.000010 0.000010 0.000010 0.344594 0.000010 0.000010 0.000010 0.000010 0.000010 0.292826 0.000010 0.000010
0.000010 0.408784 0.000010 0.000010 0.000010 0.150753 0.000010 0.000010 0.000010 0.000010 0.000010 0.000010 0.440362
0.000010 0.000010 0.999880 0.000010 0.000010 0.000010 0.000010 0.000010 0.000010 0.000010 0.000010 0.000010 0.000010
0.281352 0.000010 0.000010 0.514053 0.083927 0.000010 0.000010 0.000010 0.000010 0.000010 0.120578 0.000010 0.000010
0.000010 0.999880 0.000010 0.000010 0.000010 0.000010 0.000010 0.000010 0.000010 0.000010 0.000010 0.000010 0.000010
0.000010 0.999880 0.000010 0.000010 0.000010 0.000010 0.000010 0.000010 0.000010 0.000010 0.000010 0.000010 0.000010
0.119917 0.318495 0.000010 0.168780 0.000010 0.000010 0.000010 0.000010 0.000010 0.000010 0.392717 0.000010 0.000010
0.000010 0.799593 0.000010 0.123560 0.076747 0.000010 0.000010 0.000010 0.000010 0.000010 0.000010 0.000010 0.000010
0.000010 0.999880 0.000010 0.000010 0.000010 0.000010 0.000010 0.000010 0.000010 0.000010 0.000010 0.000010 0.000010
0.000010 0.999880 0.000010 0.000010 0.000010 0.000010 0.000010 0.000010 0.000010 0.000010 0.000010 0.000010 0.000010
0.000010 0.769289 0.000010 0.000010 0.000010 0.000010 0.000010 0.000010 0.000010 0.000010 0.000010 0.000010 0.230601
0.156903 0.061950 0.781047 0.000010 0.000010 0.000010 0.000010 0.000010 0.000010 0.000010 0.000010 0.000010 0.000010
0.000010 0.000010 0.613240 0.386650 0.000010 0.000010 0.000010 0.000010 0.000010 0.000010 0.000010 0.000010 0.000010
0.000010 0.000010 0.536509 0.000010 0.000010 0.000010 0.038901 0.000010 0.250921 0.173579 0.000010 0.000010 0.000010
0.000010 0.000010 0.651184 0.000010 0.000010 0.000010 0.000010 0.000010 0.000010 0.000010 0.348706 0.000010 0.000010
0.000010 0.999880 0.000010 0.000010 0.000010 0.000010 0.000010 0.000010 0.000010 0.000010 0.000010 0.000010 0.000010
0.000010 0.296205 0.413688 0.030963 0.000010 0.000010 0.000010 0.000010 0.000010 0.000010 0.259054 0.000010 0.000010
0.108635 0.000010 0.661460 0.122740 0.000010 0.000010 0.000010 0.000010 0.000010 0.000010 0.107075 0.000010 0.000010
0.000010 0.065833 0.239185 0.691862 0.000010 0.000010 0.000010 0.000010 0.000010 0.000010 0.003030 0.000010 0.000010
0.000010 0.000010 0.521352 0.442759 0.000010 0.000010 0.000010 0.000010 0.000010 0.000010 0.035789 0.000010 0.000010
0.000010 0.000010 0.000010 0.000010 0.999880 0.000010 0.000010 0.000010 0.000010 0.000010 0.000010 0.000010 0.000010
0.000010 0.000010 0.000010 0.176842 0.704983 0.000010 0.000010 0.000010 0.000010 0.000010 0.055215 0.062869 0.000010
0.000010 0.000010 0.000010 0.000010 0.000010 0.000010 0.000010 0.000010 0.000010 0.000010 0.479945 0.000010 0.519945
0.000010 0.000010 0.000010 0.000010 0.999880 0.000010 0.000010 0.000010 0.000010 0.000010 0.000010 0.000010 0.000010
0.000010 0.000010 0.519116 0.390967 0.000010 0.000010 0.000010 0.000010 0.000010 0.000010 0.089818 0.000010 0.000010
0.000010 0.000010 0.548049 0.387396 0.000010 0.000010 0.000010 0.000010 0.000010 0.000010 0.064456 0.000010 0.000010
0.000010 0.016217 0.331298 0.000010 0.298071 0.000010 0.354324 0.000010 0.000010 0.000010 0.000010 0.000010 0.000010
0.148200 0.033668 0.000010 0.115784 0.623653 0.000010 0.000010 0.000010 0.000010 0.000010 0.078615 0.000010 0.000010
0.000010 0.218867 0.000010 0.536528 0.150284 0.000010 0.000010 0.000010 0.000010 0.077434 0.016807 0.000010 0.000010
0.000010 0.000010 0.000010 0.147117 0.699836 0.000010 0.000010 0.000010 0.000010 0.000010 0.152946 0.000010 0.000010
0.000010 0.000010 0.000010 0.000010 0.657254 0.000010 0.000010 0.000010 0.000010 0.000010 0.177523 0.000010 0.165124
0.000010 0.000010 0.000010 0.136071 0.665992 0.000010 0.197837 0.000010 0.000010 0.000010 0.000010 0.000010 0.000010
0.057177 0.000010 0.000010 0.472341 0.470382 0.000010 0.000010 0.000010 0.000010 0.000010 0.000010 0.000010 0.000010
0.000010 0.000010 0.000010 0.898579 0.000010 0.000010 0.000010 0.000010 0.000010 0.000010 0.000010 0.101311 0.000010
0.000010 0.000010 0.000010 0.000010 0.000010 0.000010 0.000010 0.000010 0.625876 0.000010 0.000010 0.374014 0.000010
0.000010 0.000010 0.000010 0.000010 0.000010 0.000010 0.000010 0.000010 0.999880 0.000010 0.000010 0.000010 0.000010
0.254863 0.000010 0.000010 0.635645 0.109392 0.000010 0.000010 0.000010 0.000010 0.000010 0.000010 0.000010 0.000010
0.000010 0.000010 0.128498 0.000010 0.000010 0.000010 0.165254 0.000016 0.081787 0.000010 0.000010 0.399529 0.224846
0.718588 0.005806 0.000010 0.129939 0.092517 0.000010 0.000010 0.000010 0.000010 0.000010 0.000010 0.053070 0.000010
0.078927 0.000010 0.132928 0.525445 0.069466 0.000010 0.000010 0.000010 0.143628 0.000010 0.049537 0.000010 0.000010
0.000010 0.000010 0.000010 0.816965 0.000010 0.000010 0.182912 0.000017 0.000017 0.000010 0.000010 0.000010 0.000010
0.000010 0.000010 0.000010 0.999880 0.000010 0.000010 0.000010 0.000010 0.000010 0.000010 0.000010 0.000010 0.000010
0.000010 0.000010 0.000010 0.906476 0.000010 0.000010 0.000010 0.000010 0.000010 0.000010 0.093414 0.000010 0.000010
0.000010 0.000010 0.000012 0.999878 0.000010 0.000010 0.000010 0.000010 0.000010 0.000010 0.000010 0.000010 0.000010
0.000010 0.186085 0.000010 0.448903 0.000010 0.000010 0.000010 0.000010 0.287866 0.000010 0.027332 0.000010 0.049734
0.000010 0.144491 0.003543 0.484879 0.000010 0.000010 0.000013 0.000010 0.337205 0.000010 0.000010 0.000010 0.029800
0.000010 0.000010 0.457728 0.000010 0.000010 0.000010 0.542162 0.000010 0.000010 0.000010 0.000010 0.000010 0.000010
0.000010 0.034675 0.000010 0.354707 0.000010 0.000010 0.547306 0.000010 0.000010 0.000010 0.063222 0.000010 0.000010
0.000010 0.073306 0.000010 0.361418 0.000010 0.000010 0.374806 0.000010 0.035720 0.000010 0.148982 0.005698 0.000010
0.000010 0.000010 0.413548 0.000010 0.000010 0.000010 0.586342 0.000010 0.000010 0.000010 0.000010 0.000010 0.000010
0.000010 0.000010 0.000010 0.197897 0.000010 0.000010 0.577931 0.000010 0.224072 0.000010 0.000010 0.000010 0.000010
0.000010 0.000010 0.584267 0.324635 0.032585 0.000010 0.000010 0.000010 0.000010 0.000010 0.058424 0.000010 0.000010
0.000010 0.000010 0.000010 0.607584 0.000010 0.000010 0.392306 0.000010 0.000010 0.000010 0.000010 0.000010 0.000010
0.000010 0.000010 0.228204 0.000010 0.000010 0.000010 0.435163 0.001805 0.258526 0.000010 0.051366 0.000010 0.024866
0.000010 0.000010 0.000010 0.372211 0.000010 0.000010 0.627679 0.000010 0.000010 0.000010 0.000010 0.000010 0.000010
0.000010 0.000010 0.000010 0.000010 0.000010 0.000010 0.999880 0.000010 0.000010 0.000010 0.000010 0.000010 0.000010
0.000010 0.000010 0.000010 0.000010 0.000010 0.000010 0.999880 0.000010 0.000010 0.000010 0.000010 0.000010 0.000010
0.000010 0.000010 0.000010 0.000013 0.000010 0.000010 0.999877 0.000010 0.000010 0.000010 0.000010 0.000010 0.000010
0.000010 0.000010 0.000010 0.000010 0.000010 0.000010 0.999880 0.000010 0.000010 0.000010 0.000010 0.000010 0.000010
0.000010 0.000010 0.000010 0.000010 0.000010 0.000010 0.999880 0.000010 0.000010 0.000010 0.000010 0.000010 0.000010
0.000010 0.000010 0.000010 0.000010 0.241732 0.000010 0.478616 0.000010 0.000010 0.000010 0.279552 0.000010 0.000010
0.000010 0.000010 0.000010 0.000010 0.000010 0.000010 0.799264 0.000010 0.000010 0.000010 0.200626 0.000010 0.000010
0.000010 0.000010 0.000010 0.615026 0.000010 0.000010 0.384864 0.000010 0.000010 0.000010 0.000010 0.000010 0.000010
0.000010 0.000010 0.112877 0.701802 0.000010 0.000010 0.025158 0.000010 0.000010 0.000010 0.044115 0.115968 0.000010
0.000010 0.000010 0.000010 0.000010 0.000010 0.000010 0.000010 0.000010 0.999880 0.000010 0.000010 0.000010 0.000010
0.000010 0.000010 0.000010 0.000010 0.000010 0.000010 0.000010 0.000010 0.247158 0.050828 0.036554 0.665369 0.000010
0.078541 0.072400 0.000010 0.021944 0.199255 0.000010 0.432506 0.000010 0.000010 0.000010 0.195284 0.000010 0.000010
0.000010 0.000010 0.000010 0.000010 0.000010 0.999880 0.000010 0.000010 0.000010 0.000010 0.000010 0.000010 0.000010
0.000010 0.000010 0.000010 0.000010 0.000010 0.000010 0.000010 0.000010 0.399181 0.000010 0.000010 0.600709 0.000010
0.000010 0.000010 0.000010 0.140985 0.000010 0.000010 0.000010 0.000010 0.172428 0.000010 0.000010 0.686487 0.000010
0.105655 0.061800 0.000010 0.000010 0.030000 0.000010 0.058366 0.168147 0.000010 0.400219 0.000010 0.000010 0.175752
0.026559 0.000010 0.000010 0.199022 0.000010 0.000010 0.000010 0.000010 0.000010 0.689556 0.084773 0.000010 0.000010
0.000010 0.000010 0.000010 0.000010 0.000010 0.000010 0.000010 0.000010 0.000010 0.999880 0.000010 0.000010 0.000010
0.000010 0.000010 0.000010 0.000010 0.000010 0.000010 0.000010 0.000010 0.000010 0.999880 0.000010 0.000010 0.000010
0.000010 0.000010 0.000010 0.999880 0.000010 0.000010 0.000010 0.000010 0.000010 0.000010 0.000010 0.000010 0.000010
0.000010 0.089813 0.017020 0.000010 0.073329 0.000010 0.015625 0.000010 0.000010 0.000010 0.000010 0.400958 0.403184
0.244293 0.022918 0.000010 0.397219 0.205239 0.000010 0.000010 0.000010 0.000010 0.000010 0.000010 0.000010 0.130252
0.000010 0.000010 0.000010 0.083018 0.289607 0.000010 0.000010 0.000010 0.000010 0.000010 0.000010 0.627275 0.000010
0.256849 0.000010 0.000010 0.000010 0.000010 0.000010 0.000010 0.000010 0.000010 0.000010 0.000010 0.000010 0.743041
0.000010 0.000010 0.483206 0.256916 0.000010 0.000010 0.000010 0.000010 0.000010 0.000010 0.259778 0.000010 0.000010
0.292031 0.000010 0.000010 0.000013 0.707856 0.000010 0.000010 0.000010 0.000010 0.000010 0.000010 0.000010 0.000010
0.821511 0.000010 0.000010 0.000010 0.000010 0.000010 0.000010 0.000010 0.000010 0.000010 0.178379 0.000010 0.000010
0.000010 0.000010 0.000010 0.000010 0.000010 0.000010 0.000010 0.000010 0.000010 0.999880 0.000010 0.000010 0.000010
0.000010 0.000010 0.000010 0.000010 0.000010 0.999872 0.000010 0.000010 0.000010 0.000018 0.000010 0.000010 0.000010
0.000010 0.000010 0.000010 0.000010 0.000010 0.106183 0.000010 0.000010 0.000010 0.720835 0.000014 0.172878 0.000010
0.000010 0.000010 0.000010 0.000010 0.000010 0.999880 0.000010 0.000010 0.000010 0.000010 0.000010 0.000010 0.000010
0.034128 0.000010 0.000010 0.333654 0.000010 0.000010 0.000010 0.000010 0.000010 0.000010 0.000010 0.632119 0.000010
0.000010 0.000010 0.552183 0.447707 0.000010 0.000010 0.000010 0.000010 0.000010 0.000010 0.000010 0.000010 0.000010
0.000010 0.000010 0.809829 0.083324 0.106746 0.000010 0.000010 0.000010 0.000010 0.000010 0.000010 0.000010 0.000010
0.094717 0.000010 0.000010 0.000010 0.000010 0.000010 0.000010 0.000010 0.000010 0.026559 0.029985 0.848649 0.000010
0.171447 0.000010 0.000010 0.647634 0.180819 0.000010 0.000010 0.000010 0.000010 0.000010 0.000010 0.000010 0.000010
0.000010 0.000010 0.000010 0.000010 0.000010 0.000010 0.000010 0.999880 0.000010 0.000010 0.000010 0.000010 0.000010
0.000010 0.000010 0.000010 0.176780 0.184298 0.000010 0.128944 0.000010 0.459258 0.000011 0.050639 0.000010 0.000010
