0.000016 0.051619 0.000010 0.000010 0.000010 0.000010 0.000010 0.000010 0.000010 0.000010 0.642427 0.000010 0.000010 0.305839
0.000010 0.000010 0.118277 0.000011 0.000010 0.000011 0.060767 0.000010 0.000010 0.000010 0.820845 0.000010 0.000010 0.000010
0.000010 0.000010 0.192001 0.000010 0.000010 0.000010 0.000016 0.000010 0.000010 0.692798 0.115085 0.000010 0.000010 0.000010
0.000010 0.000010 0.000010 0.000010 0.000010 0.000010 0.000010 0.000010 0.000010 0.000010 0.000010 0.000010 0.000010 0.999870
0.000010 0.000010 0.000010 0.000010 0.000010 0.000010 0.000010 0.000010 0.000010 0.000010 0.999870 0.000010 0.000010 0.000010
0.000016 0.000010 0.056164 0.000010 0.000010 0.778431 0.003162 0.000010 0.000010 0.000010 0.162138 0.000010 0.000010 0.000010
0.000010 0.000010 0.684030 0.000010 0.000010 0.000010 0.000010 0.000010 0.000010 0.000010 0.315850 0.000010 0.000010 0.000010
0.000010 0.000018 0.000010 0.000010 0.000010 0.884072 0.000010 0.000011 0.000010 0.000010 0.115799 0.000010 0.000010 0.000010
0.000010 0.000010 0.000010 0.000010 0.999863 0.000010 0.000014 0.000011 0.000010 0.000010 0.000010 0.000010 0.000012 0.000010
0.000010 0.000010 0.000010 0.000012 0.000010 0.999868 0.000010 0.000010 0.000010 0.000010 0.000010 0.000010 0.000010 0.000010
0.000010 0.000010 0.000010 0.000010 0.000010 0.999870 0.000010 0.000010 0.000010 0.000010 0.000010 0.000010 0.000010 0.000010
0.000010 0.000010 0.000010 0.000010 0.000010 0.000010 0.000010 0.000010 0.432923 0.000010 0.000010 0.000010 0.000010 0.566957
0.000010 0.000010 0.126905 0.000010 0.000010 0.305341 0.000010 0.000010 0.027635 0.442112 0.000010 0.097917 0.000010 0.000010
0.000010 0.000014 0.000010 0.000012 0.000010 0.702196 0.000010 0.000010 0.000012 0.000010 0.000010 0.297677 0.000010 0.000010
0.000010 0.000010 0.000010 0.000010 0.000010 0.626107 0.000010 0.000010 0.000010 0.144814 0.000010 0.228969 0.000010 0.000010
0.000010 0.000010 0.373634 0.000010 0.000010 0.447666 0.000010 0.000010 0.054018 0.000010 0.124583 0.000010 0.000010 0.000010
0.000010 0.000010 0.091751 0.000010 0.000010 0.589577 0.000010 0.000010 0.107123 0.000010 0.144859 0.000010 0.000010 0.066601
0.000010 0.000010 0.272424 0.000010 0.000010 0.449634 0.000010 0.000010 0.000010 0.000010 0.000010 0.277832 0.000010 0.000010
0.000010 0.000010 0.070645 0.000010 0.000010 0.792194 0.000012 0.000010 0.000010 0.000010 0.137048 0.000010 0.000010 0.000010
0.000010 0.000010 0.000010 0.000010 0.000010 0.173279 0.000010 0.000010 0.172998 0.653613 0.000010 0.000010 0.000010 0.000010
0.000010 0.000010 0.000010 0.000012 0.000010 0.919869 0.000010 0.000010 0.000010 0.080009 0.000010 0.000010 0.000010 0.000010
0.000010 0.000010 0.000010 0.000010 0.000016 0.866010 0.005439 0.000010 0.073842 0.000010 0.020999 0.000010 0.000010 0.033615
0.000010 0.000010 0.000010 0.000010 0.000010 0.000010 0.119129 0.000010 0.818632 0.000010 0.062129 0.000010 0.000010 0.000010
0.000010 0.000010 0.124236 0.000010 0.000010 0.706377 0.000010 0.000010 0.000010 0.000010 0.083496 0.046299 0.000010 0.039501
0.000010 0.000010 0.000010 0.000010 0.882865 0.000010 0.000010 0.040313 0.000010 0.000010 0.000010 0.000010 0.076712 0.000010
0.000010 0.000010 0.000010 0.000010 0.000010 0.000010 0.000010 0.000010 0.000010 0.000010 0.000010 0.999870 0.000010 0.000010
0.999864 0.000014 0.000012 0.000010 0.000010 0.000010 0.000010 0.000010 0.000010 0.000011 0.000010 0.000010 0.000010 0.000010
0.000010 0.000010 0.000010 0.000010 0.000010 0.000010 0.000010 0.000010 0.000010 0.000010 0.000010 0.000010 0.000010 0.999870
0.000010 0.000010 0.000010 0.999867 0.000010 0.000010 0.000013 0.000010 0.000010 0.000010 0.000010 0.000010 0.000010 0.000010
0.000010 0.000010 0.000010 0.000012 0.000010 0.328441 0.000010 0.000010 0.000014 0.000010 0.000010 0.671433 0.000010 0.000010
0.000010 0.000010 0.000010 0.000010 0.000010 0.821722 0.000010 0.000010 0.000013 0.000010 0.000019 0.178147 0.000010 0.000010
0.000011 0.000010 0.000010 0.999866 0.000012 0.000011 0.000010 0.000010 0.000010 0.000010 0.000010 0.000010 0.000010 0.000010
0.000010 0.000010 0.000010 0.999870 0.000010 0.000010 0.000010 0.000010 0.000010 0.000010 0.000010 0.000010 0.000010 0.000010
0.000011 0.000010 0.000010 0.352933 0.499306 0.000010 0.000010 0.111073 0.000010 0.000010 0.000010 0.000010 0.036586 0.000010
0.000010 0.000010 0.000010 0.000010 0.000010 0.000010 0.000010 0.000010 0.000010 0.000010 0.000010 0.999870 0.000010 0.000010
0.999869 0.000010 0.000010 0.000010 0.000010 0.000010 0.000011 0.000010 0.000010 0.000010 0.000010 0.000010 0.000010 0.000010
0.000010 0.000010 0.015673 0.000010 0.000010 0.065607 0.000010 0.000010 0.000010 0.000010 0.160282 0.758338 0.000010 0.000010
0.000014 0.000010 0.000010 0.000010 0.000010 0.000010 0.000012 0.000010 0.000010 0.000010 0.000018 0.999856 0.000010 0.000010
0.000018 0.201657 0.000010 0.000010 0.000010 0.120708 0.000010 0.000010 0.000010 0.000010 0.000010 0.677517 0.000010 0.000010
0.000010 0.000010 0.102609 0.000017 0.000010 0.642306 0.086675 0.000010 0.000010 0.000010 0.000010 0.168303 0.000010 0.000010
0.000010 0.000010 0.000010 0.999870 0.000010 0.000010 0.000010 0.000010 0.000010 0.000010 0.000010 0.000010 0.000010 0.000010
0.083626 0.000010 0.000010 0.000010 0.916254 0.000010 0.000010 0.000010 0.000010 0.000010 0.000010 0.000010 0.000010 0.000010
0.000010 0.000010 0.000010 0.000010 0.000010 0.000010 0.000010 0.000010 0.000010 0.000010 0.000010 0.999870 0.000010 0.000010
0.000010 0.000010 0.000010 0.000011 0.999869 0.000010 0.000010 0.000010 0.000010 0.000010 0.000010 0.000010 0.000010 0.000010
0.000010 0.000010 0.000010 0.000010 0.130223 0.000010 0.000010 0.000015 0.000010 0.000010 0.000010 0.869652 0.000010 0.000010
0.000010 0.000010 0.000010 0.000010 0.762830 0.000018 0.000010 0.000010 0.000010 0.000010 0.000010 0.237042 0.000010 0.000010
0.999870 0.000010 0.000010 0.000010 0.000010 0.000010 0.000010 0.000010 0.000010 0.000010 0.000010 0.000010 0.000010 0.000010
0.999860 0.000013 0.000012 0.000010 0.000010 0.000010 0.000011 0.000010 0.000010 0.000010 0.000014 0.000010 0.000010 0.000010
0.000010 0.000010 0.000010 0.948135 0.000010 0.000010 0.000010 0.000010 0.000010 0.000010 0.000010 0.051745 0.000010 0.000010
0.999870 0.000010 0.000010 0.000010 0.000010 0.000010 0.000010 0.000010 0.000010 0.000010 0.000010 0.000010 0.000010 0.000010
0.000019 0.000010 0.000010 0.000013 0.999858 0.000010 0.000010 0.000010 0.000010 0.000010 0.000010 0.000010 0.000010 0.000010
0.000010 0.000010 0.000010 0.000012 0.999862 0.000010 0.000010 0.000016 0.000010 0.000010 0.000010 0.000010 0.000010 0.000010
0.000011 0.000010 0.000010 0.000010 0.000010 0.000010 0.000010 0.000010 0.000010 0.000010 0.000010 0.999869 0.000010 0.000010
0.000010 0.000010 0.000010 0.999867 0.000010 0.000011 0.000010 0.000010 0.000010 0.000010 0.000010 0.000010 0.000012 0.000010
0.000010 0.000010 0.000012 0.999868 0.000010 0.000010 0.000010 0.000010 0.000010 0.000010 0.000010 0.000010 0.000010 0.000010
0.000010 0.000018 0.000010 0.999861 0.000010 0.000010 0.000010 0.000010 0.000010 0.000010 0.000010 0.000011 0.000010 0.000010
0.000010 0.000010 0.000010 0.000010 0.000010 0.000010 0.000010 0.000010 0.168229 0.000010 0.000010 0.831651 0.000010 0.000010
0.999861 0.000010 0.000010 0.000010 0.000010 0.000018 0.000010 0.000010 0.000010 0.000010 0.000010 0.000010 0.000010 0.000010
0.999865 0.000010 0.000010 0.000010 0.000010 0.000010 0.000010 0.000010 0.000015 0.000010 0.000010 0.000010 0.000010 0.000010
0.999864 0.000010 0.000010 0.000010 0.000010 0.000010 0.000016 0.000010 0.000010 0.000010 0.000010 0.000010 0.000010 0.000010
0.000010 0.000010 0.000010 0.000017 0.999863 0.000010 0.000010 0.000010 0.000010 0.000010 0.000010 0.000010 0.000010 0.000010
0.000010 0.000010 0.000010 0.000010 0.999870 0.000010 0.000010 0.000010 0.000010 0.000010 0.000010 0.000010 0.000010 0.000010
0.000010 0.000010 0.000010 0.000013 0.999859 0.000010 0.000010 0.000010 0.000010 0.000010 0.000010 0.000018 0.000010 0.000010
0.000010 0.000010 0.000010 0.000010 0.999870 0.000010 0.000010 0.000010 0.000010 0.000010 0.000010 0.000010 0.000010 0.000010
0.000018 0.000010 0.000010 0.000010 0.999862 0.000010 0.000010 0.000010 0.000010 0.000010 0.000010 0.000010 0.000010 0.000010
0.000010 0.000010 0.000010 0.000010 0.999870 0.000010 0.000010 0.000010 0.000010 0.000010 0.000010 0.000010 0.000010 0.000010
0.000010 0.000010 0.055905 0.000010 0.040722 0.707039 0.011302 0.149033 0.000010 0.000010 0.035919 0.000010 0.000010 0.000010
0.000010 0.000010 0.000010 0.000010 0.000010 0.601556 0.000010 0.122541 0.000010 0.106535 0.000010 0.169268 0.000010 0.000010
0.000010 0.000010 0.000010 0.000010 0.000010 0.999870 0.000010 0.000010 0.000010 0.000010 0.000010 0.000010 0.000010 0.000010
0.000010 0.000010 0.000010 0.000010 0.000010 0.999870 0.000010 0.000010 0.000010 0.000010 0.000010 0.000010 0.000010 0.000010
0.000012 0.000010 0.301371 0.000013 0.000010 0.698504 0.000010 0.000010 0.000010 0.000010 0.000010 0.000010 0.000010 0.000010
0.000010 0.000010 0.000010 0.000010 0.000010 0.000010 0.000010 0.000010 0.000010 0.000010 0.445492 0.000010 0.000010 0.554388
0.000014 0.000010 0.000010 0.000010 0.000012 0.000010 0.064861 0.000011 0.361942 0.000010 0.497916 0.000010 0.000010 0.075175
0.000010 0.000010 0.999870 0.000010 0.000010 0.000010 0.000010 0.000010 0.000010 0.000010 0.000010 0.000010 0.000010 0.000010
0.000010 0.000010 0.151513 0.000010 0.000010 0.000010 0.084587 0.000010 0.185702 0.325837 0.252272 0.000010 0.000010 0.000010
0.000010 0.000010 0.596058 0.000010 0.000010 0.000010 0.033433 0.000010 0.000010 0.000010 0.370399 0.000010 0.000010 0.000010
0.000010 0.000010 0.171488 0.000011 0.000010 0.000010 0.085528 0.000010 0.180156 0.322717 0.240020 0.000010 0.000010 0.000010
0.000010 0.000010 0.744834 0.000010 0.000010 0.000010 0.053795 0.000010 0.200828 0.000010 0.000010 0.000010 0.000010 0.000443
0.000010 0.000010 0.304655 0.000010 0.000010 0.000010 0.000010 0.000010 0.000010 0.000010 0.695225 0.000010 0.000010 0.000010
0.000010 0.000010 0.398218 0.000010 0.000010 0.000010 0.449357 0.000017 0.000018 0.000010 0.152300 0.000010 0.000010 0.000010
0.000011 0.000010 0.000010 0.000010 0.000010 0.050191 0.000011 0.000010 0.000010 0.000010 0.915980 0.000016 0.000010 0.033711
0.000011 0.603617 0.000010 0.000010 0.000010 0.000010 0.194477 0.000010 0.000010 0.107736 0.000010 0.000010 0.094069 0.000010
0.000010 0.015317 0.318146 0.000010 0.000017 0.000010 0.304126 0.214887 0.114034 0.033402 0.000010 0.000010 0.000010 0.000010
0.000010 0.000010 0.371830 0.000010 0.000010 0.000010 0.050979 0.559424 0.000010 0.000010 0.017666 0.000010 0.000010 0.000010
0.000010 0.000012 0.000013 0.000010 0.000010 0.530306 0.000010 0.000013 0.000010 0.000014 0.469562 0.000010 0.000010 0.000010
0.000010 0.000010 0.109549 0.000010 0.000010 0.000010 0.000010 0.000010 0.000010 0.203319 0.687022 0.000010 0.000010 0.000010
0.000010 0.000010 0.000010 0.000010 0.000010 0.000010 0.000010 0.000010 0.191015 0.000010 0.705817 0.000010 0.000010 0.103058
0.000010 0.000010 0.547645 0.000010 0.000010 0.000014 0.000010 0.000011 0.000010 0.000010 0.452229 0.000010 0.000010 0.000010
0.000010 0.000010 0.000010 0.000010 0.000010 0.876872 0.072949 0.000010 0.000010 0.000010 0.050068 0.000010 0.000010 0.000010
0.000010 0.000011 0.000010 0.000010 0.000010 0.000010 0.000010 0.000010 0.000010 0.000010 0.443360 0.000010 0.000010 0.556519
0.000013 0.000010 0.000010 0.000010 0.000010 0.000010 0.000010 0.000010 0.000010 0.000010 0.000010 0.000010 0.430352 0.569524
0.000010 0.000010 0.000010 0.000010 0.000010 0.000010 0.000010 0.000010 0.436982 0.000010 0.000010 0.000010 0.562898 0.000010
0.000010 0.000010 0.000010 0.000010 0.000010 0.000010 0.000010 0.000010 0.999870 0.000010 0.000010 0.000010 0.000010 0.000010
0.000010 0.000010 0.000010 0.000010 0.000010 0.000010 0.000010 0.000010 0.000010 0.000010 0.000010 0.000010 0.811632 0.188248
0.000012 0.000010 0.000010 0.000010 0.000010 0.000010 0.000010 0.000010 0.000010 0.000010 0.182500 0.000010 0.000010 0.817378
0.000010 0.000010 0.000010 0.000010 0.000010 0.000010 0.000010 0.000010 0.000013 0.000010 0.928759 0.000010 0.000010 0.071118
0.000010 0.156500 0.022955 0.000010 0.000010 0.000010 0.219700 0.000010 0.370480 0.204877 0.025408 0.000010 0.000010 0.000010
0.000010 0.048857 0.168735 0.000010 0.000010 0.000010 0.000010 0.000010 0.331019 0.000010 0.451289 0.000010 0.000010 0.000010
0.000010 0.141567 0.124023 0.000010 0.000010 0.000010 0.000010 0.000010 0.191452 0.000010 0.542858 0.000010 0.000010 0.000010
0.000010 0.000010 0.401467 0.000010 0.000010 0.000010 0.000010 0.000010 0.487671 0.000010 0.000010 0.000010 0.110752 0.000010
0.000010 0.000010 0.000010 0.000010 0.000010 0.000010 0.000010 0.000010 0.558679 0.000010 0.441201 0.000010 0.000010 0.000010
0.000010 0.000010 0.000010 0.000010 0.000010 0.000010 0.000010 0.000010 0.000010 0.000010 0.439476 0.000010 0.000010 0.560404
0.000010 0.000010 0.000010 0.000010 0.000010 0.000010 0.000010 0.000010 0.000010 0.000011 0.000010 0.000010 0.000010 0.999869
0.000010 0.000010 0.000010 0.000010 0.000010 0.000010 0.044627 0.000010 0.202986 0.000010 0.000010 0.000010 0.752277 0.000010
0.000010 0.000010 0.000010 0.000010 0.000010 0.000010 0.000010 0.000010 0.225293 0.000010 0.224672 0.000010 0.549925 0.000010
0.000010 0.000010 0.000010 0.000010 0.000010 0.000010 0.000014 0.000010 0.000010 0.000010 0.227422 0.000010 0.000010 0.772454
0.000010 0.552732 0.000010 0.000010 0.000010 0.000010 0.047987 0.000010 0.000010 0.000010 0.189694 0.000010 0.000010 0.209487
0.000010 0.000010 0.000010 0.000010 0.000010 0.000010 0.000010 0.000010 0.999870 0.000010 0.000010 0.000010 0.000010 0.000010
0.000010 0.000010 0.000010 0.000010 0.000010 0.000010 0.000010 0.000010 0.298695 0.000010 0.000010 0.000010 0.000010 0.701185
0.000010 0.000010 0.000010 0.000013 0.000010 0.000010 0.000010 0.000010 0.000010 0.000010 0.000010 0.000010 0.999867 0.000010
0.000010 0.090091 0.000010 0.000010 0.000010 0.406033 0.000010 0.000010 0.192921 0.000010 0.000010 0.000010 0.000010 0.310855
0.000010 0.445624 0.000010 0.000010 0.000012 0.000010 0.000011 0.000010 0.000010 0.000010 0.168056 0.000010 0.000010 0.386206
0.000014 0.000010 0.000010 0.000010 0.000010 0.000010 0.000010 0.000010 0.423009 0.000017 0.000010 0.000010 0.501801 0.075070
0.000010 0.000010 0.000010 0.000010 0.229386 0.000010 0.171297 0.005571 0.532660 0.060997 0.000010 0.000010 0.000010 0.000010
0.000010 0.011891 0.259961 0.000010 0.000010 0.000010 0.000010 0.005002 0.000010 0.097395 0.391373 0.000010 0.234297 0.000010
0.000010 0.000010 0.000010 0.000010 0.000010 0.795858 0.000010 0.000012 0.000010 0.000010 0.204021 0.000010 0.000010 0.000010
0.000010 0.126475 0.102522 0.000010 0.136942 0.524801 0.000010 0.000010 0.000010 0.000010 0.043870 0.000010 0.000010 0.065311
0.000010 0.000010 0.000010 0.000013 0.000010 0.000010 0.000010 0.013556 0.076547 0.000016 0.000010 0.000010 0.803052 0.106737
0.000010 0.000010 0.000010 0.000010 0.000010 0.000010 0.209085 0.000010 0.790795 0.000010 0.000010 0.000010 0.000010 0.000010
0.000017 0.000016 0.000011 0.000010 0.000010 0.000010 0.000010 0.000010 0.607785 0.000013 0.000016 0.000010 0.147032 0.245050
0.000010 0.456489 0.000010 0.000010 0.000010 0.000010 0.000761 0.000010 0.000010 0.000010 0.214832 0.000010 0.000010 0.327818
0.000013 0.000010 0.000010 0.000010 0.000010 0.000010 0.000010 0.000010 0.999864 0.000010 0.000010 0.000010 0.000013 0.000010
0.000015 0.000010 0.000010 0.000010 0.000010 0.000014 0.000010 0.000010 0.000010 0.000010 0.000010 0.000010 0.000010 0.999861
0.000010 0.000010 0.000010 0.000010 0.000010 0.000010 0.000010 0.999870 0.000010 0.000010 0.000010 0.000010 0.000010 0.000010
0.000010 0.061482 0.264186 0.000010 0.000010 0.000010 0.267006 0.000010 0.132172 0.000010 0.275063 0.000010 0.000010 0.000010
0.000010 0.000010 0.000010 0.000010 0.000010 0.000010 0.302528 0.000010 0.000010 0.000010 0.697352 0.000010 0.000010 0.000010
0.000010 0.000010 0.000010 0.000010 0.000010 0.418180 0.000010 0.000010 0.344424 0.000010 0.237286 0.000010 0.000010 0.000010
0.000010 0.000010 0.161430 0.000010 0.000010 0.000010 0.000020 0.000010 0.050610 0.000010 0.787841 0.000010 0.000010 0.000010
0.000010 0.000010 0.085678 0.000010 0.000010 0.000010 0.000010 0.914202 0.000010 0.000010 0.000010 0.000010 0.000010 0.000010
0.000010 0.000010 0.644302 0.000010 0.000010 0.000010 0.000014 0.355574 0.000010 0.000010 0.000010 0.000010 0.000010 0.000010
0.000010 0.000010 0.000010 0.000010 0.000010 0.000010 0.000010 0.999870 0.000010 0.000010 0.000010 0.000010 0.000010 0.000010
0.000010 0.000010 0.000010 0.000010 0.000010 0.000010 0.000010 0.000010 0.416449 0.000010 0.583431 0.000010 0.000010 0.000010
0.000010 0.000010 0.000010 0.000010 0.000010 0.000010 0.000010 0.000010 0.000010 0.000010 0.000010 0.000010 0.000010 0.999870
0.000010 0.000010 0.000010 0.000010 0.000010 0.000010 0.000010 0.000010 0.054019 0.000010 0.100107 0.000010 0.000010 0.845764
0.000010 0.000010 0.000010 0.000010 0.000010 0.000010 0.000010 0.000010 0.999870 0.000010 0.000010 0.000010 0.000010 0.000010
0.000011 0.000010 0.000010 0.000010 0.000010 0.000010 0.000010 0.000010 0.260388 0.000010 0.108218 0.000010 0.000010 0.631283
0.000010 0.000010 0.000010 0.000010 0.000010 0.000010 0.000010 0.000010 0.151929 0.000010 0.000010 0.000010 0.000010 0.847951
0.000010 0.093182 0.000010 0.000010 0.000010 0.000010 0.000010 0.011505 0.332097 0.000010 0.303416 0.000010 0.259711 0.000010
0.000010 0.000010 0.912194 0.000010 0.000010 0.000010 0.000010 0.000010 0.000010 0.000010 0.087686 0.000010 0.000010 0.000010
0.000010 0.000010 0.000010 0.000010 0.000010 0.000010 0.000010 0.894209 0.000010 0.000010 0.101972 0.000010 0.000010 0.003709
0.000010 0.899099 0.000010 0.000010 0.000010 0.100781 0.000010 0.000010 0.000010 0.000010 0.000010 0.000010 0.000010 0.000010
0.000010 0.000010 0.456000 0.000010 0.000010 0.000010 0.107827 0.391832 0.000010 0.000010 0.000010 0.000010 0.044241 0.000010
0.000010 0.719733 0.000010 0.000010 0.000010 0.080072 0.151292 0.000010 0.020165 0.000010 0.000010 0.000010 0.000010 0.028648
0.000010 0.000014 0.000010 0.000010 0.000010 0.000010 0.000010 0.146733 0.030126 0.008331 0.000010 0.000010 0.000010 0.814706
0.000010 0.999870 0.000010 0.000010 0.000010 0.000010 0.000010 0.000010 0.000010 0.000010 0.000010 0.000010 0.000010 0.000010
0.000010 0.000010 0.000010 0.000010 0.000010 0.000010 0.000010 0.000010 0.000010 0.000010 0.000010 0.000010 0.999870 0.000010
0.000010 0.000010 0.000010 0.000010 0.000010 0.000010 0.000010 0.000010 0.000010 0.000010 0.000010 0.000010 0.999870 0.000010
0.000010 0.000010 0.000010 0.000010 0.000010 0.000010 0.000010 0.000010 0.000010 0.412746 0.587134 0.000010 0.000010 0.000010
0.000010 0.412213 0.000010 0.000010 0.000010 0.000010 0.000013 0.000010 0.311614 0.000010 0.044871 0.000010 0.000010 0.231199
0.000010 0.285454 0.000010 0.000010 0.000010 0.000010 0.000010 0.025653 0.000010 0.688598 0.000195 0.000010 0.000010 0.000010
0.000010 0.000010 0.000010 0.000010 0.000010 0.000010 0.000010 0.000010 0.000010 0.000010 0.000010 0.000010 0.065516 0.934364
0.000010 0.999870 0.000010 0.000010 0.000010 0.000010 0.000010 0.000010 0.000010 0.000010 0.000010 0.000010 0.000010 0.000010
0.000010 0.000010 0.502371 0.000010 0.000010 0.000010 0.000010 0.194189 0.000010 0.072173 0.000010 0.231167 0.000010 0.000010
0.000010 0.229840 0.000010 0.000010 0.000010 0.000010 0.027894 0.000010 0.013648 0.000015 0.423889 0.000010 0.304634 0.000010
0.000010 0.000010 0.596197 0.000010 0.000012 0.000010 0.000010 0.000010 0.000010 0.000010 0.226392 0.000010 0.000010 0.177299
0.000010 0.000010 0.000010 0.000010 0.000010 0.455139 0.000010 0.000010 0.389182 0.000010 0.155569 0.000010 0.000010 0.000010
0.000012 0.000010 0.000010 0.000010 0.000010 0.742797 0.000010 0.000010 0.036718 0.000010 0.000010 0.220374 0.000010 0.000010
0.000010 0.000010 0.258007 0.000010 0.000010 0.109328 0.428770 0.000010 0.000010 0.000010 0.203795 0.000010 0.000010 0.000010
0.000010 0.000010 0.000010 0.000010 0.000010 0.124373 0.016598 0.000010 0.000010 0.000010 0.273383 0.585546 0.000010 0.000010
0.000010 0.000010 0.000010 0.000010 0.000015 0.000010 0.000010 0.000010 0.311359 0.000010 0.688516 0.000010 0.000010 0.000010
0.000010 0.000010 0.000010 0.000010 0.000015 0.000010 0.000010 0.000010 0.000010 0.000010 0.679036 0.000010 0.000010 0.320840
0.000010 0.000010 0.000010 0.000010 0.000010 0.000010 0.000010 0.000010 0.551896 0.000010 0.447984 0.000010 0.000010 0.000010
0.000010 0.000010 0.000010 0.000010 0.000010 0.000010 0.000010 0.000010 0.117310 0.000010 0.078858 0.000010 0.000010 0.803721
0.000010 0.000010 0.000010 0.000010 0.000010 0.000010 0.101294 0.000010 0.038142 0.435941 0.324066 0.000010 0.000010 0.100466
0.000010 0.000010 0.075420 0.000010 0.000010 0.000010 0.095400 0.000010 0.000010 0.496949 0.050171 0.000010 0.000010 0.281971
0.000010 0.082559 0.000010 0.000010 0.000010 0.000010 0.000010 0.000010 0.225708 0.000010 0.643828 0.000010 0.047805 0.000010
0.000010 0.000010 0.000010 0.000011 0.000010 0.000010 0.000010 0.000010 0.827106 0.000010 0.000010 0.000010 0.172774 0.000010
0.000010 0.173977 0.000010 0.000010 0.000010 0.000010 0.000010 0.000010 0.267767 0.000010 0.558147 0.000010 0.000010 0.000010
0.000010 0.000010 0.000010 0.000010 0.000010 0.000010 0.000010 0.000010 0.000010 0.000010 0.999870 0.000010 0.000010 0.000010
0.000010 0.356008 0.144981 0.000010 0.000010 0.000010 0.000010 0.000010 0.406027 0.000010 0.000010 0.000010 0.000010 0.092884
0.000010 0.000010 0.000010 0.000010 0.000010 0.000010 0.000010 0.000010 0.999870 0.000010 0.000010 0.000010 0.000010 0.000010
0.000010 0.000010 0.000010 0.000010 0.000010 0.000010 0.000010 0.000010 0.447294 0.000010 0.000010 0.000010 0.000010 0.552586
0.000010 0.217669 0.181055 0.000010 0.000010 0.000010 0.000010 0.000010 0.108019 0.339079 0.154087 0.000010 0.000010 0.000010
0.000010 0.000010 0.145891 0.000010 0.000010 0.000010 0.106878 0.587862 0.000010 0.014572 0.065327 0.000010 0.079391 0.000010
0.000010 0.000010 0.000010 0.000010 0.000010 0.000010 0.202992 0.749616 0.000010 0.000010 0.000010 0.000010 0.047283 0.000010
0.000010 0.000010 0.306154 0.000010 0.000010 0.000010 0.000010 0.693726 0.000010 0.000010 0.000010 0.000010 0.000010 0.000010
0.000010 0.000010 0.000010 0.000010 0.000010 0.000010 0.000010 0.000010 0.000010 0.775638 0.224242 0.000010 0.000010 0.000010
0.000010 0.025718 0.131114 0.000010 0.000010 0.000010 0.000010 0.000010 0.181276 0.141369 0.520435 0.000010 0.000010 0.000010
0.000010 0.000010 0.000010 0.999870 0.000010 0.000010 0.000010 0.000010 0.000010 0.000010 0.000010 0.000010 0.000010 0.000010
0.000010 0.133075 0.000010 0.061921 0.000010 0.000010 0.258279 0.000010 0.000010 0.368519 0.137484 0.000010 0.000010 0.040642
0.000010 0.000010 0.341232 0.000010 0.000010 0.000010 0.000010 0.000010 0.410430 0.000010 0.248228 0.000010 0.000010 0.000010
0.000010 0.000010 0.781066 0.000010 0.000010 0.000010 0.000010 0.120766 0.034775 0.063293 0.000010 0.000010 0.000010 0.000010
0.000010 0.000010 0.902665 0.000010 0.000011 0.000010 0.000010 0.000010 0.000010 0.000010 0.097213 0.000010 0.000010 0.000010
0.000010 0.000010 0.000010 0.000010 0.000010 0.000010 0.000010 0.000010 0.000010 0.000010 0.000010 0.000010 0.999870 0.000010
0.000010 0.000010 0.000010 0.000010 0.000010 0.000010 0.000010 0.030816 0.527216 0.000010 0.441858 0.000010 0.000010 0.000010
0.000010 0.638677 0.000010 0.000010 0.000010 0.000010 0.000010 0.000010 0.025017 0.000010 0.276004 0.000010 0.060201 0.000010
0.000010 0.000010 0.000010 0.000010 0.000010 0.000010 0.000010 0.000010 0.000010 0.000010 0.254818 0.000010 0.000010 0.745062
0.000010 0.000010 0.000010 0.000010 0.000010 0.000010 0.000010 0.000010 0.000010 0.000010 0.000010 0.000010 0.785283 0.214597
0.000010 0.000010 0.000010 0.000010 0.000010 0.000010 0.000010 0.000010 0.000010 0.000010 0.000010 0.000010 0.000010 0.999870
0.000012 0.000010 0.000010 0.000012 0.000010 0.000010 0.000010 0.000010 0.850886 0.000020 0.000011 0.000010 0.000010 0.148979
0.000010 0.000010 0.000011 0.000010 0.000010 0.000010 0.000010 0.000010 0.000010 0.000010 0.000010 0.000010 0.000010 0.999869
0.000010 0.000010 0.000010 0.000010 0.000010 0.000010 0.000010 0.000010 0.095846 0.000010 0.297366 0.000010 0.000010 0.606678
0.000010 0.000010 0.030677 0.000010 0.000010 0.000010 0.000010 0.000010 0.063723 0.138778 0.634880 0.000010 0.002930 0.128932
0.000010 0.000010 0.183479 0.000010 0.000010 0.000010 0.000010 0.000010 0.377273 0.000010 0.164891 0.000010 0.274257 0.000010
0.000010 0.999870 0.000010 0.000010 0.000010 0.000010 0.000010 0.000010 0.000010 0.000010 0.000010 0.000010 0.000010 0.000010
0.000010 0.000010 0.397898 0.000010 0.000010 0.000010 0.037235 0.000010 0.000010 0.479812 0.084956 0.000010 0.000010 0.000010
0.000010 0.000010 0.099566 0.000010 0.000010 0.000010 0.000010 0.900314 0.000010 0.000010 0.000010 0.000010 0.000010 0.000010
0.000010 0.186807 0.510428 0.000010 0.000010 0.000010 0.000010 0.000010 0.302656 0.000010 0.000010 0.000010 0.000010 0.000010
0.000010 0.000010 0.295611 0.000010 0.000010 0.000010 0.000010 0.575599 0.124485 0.000010 0.000010 0.000010 0.000010 0.004206
0.000010 0.000010 0.000010 0.000010 0.000010 0.000010 0.000010 0.000010 0.999870 0.000010 0.000010 0.000010 0.000010 0.000010
0.000010 0.476257 0.169832 0.000010 0.000010 0.000010 0.000010 0.000010 0.000010 0.000010 0.353801 0.000010 0.000010 0.000010
0.000010 0.000010 0.000010 0.000010 0.000010 0.000010 0.078237 0.000010 0.548111 0.037791 0.192242 0.000010 0.000010 0.143529
0.000010 0.000010 0.265785 0.000010 0.000010 0.304418 0.000010 0.000010 0.054757 0.000010 0.374940 0.000010 0.000010 0.000010
0.000010 0.000010 0.734409 0.000010 0.000010 0.000010 0.117036 0.000010 0.148446 0.000010 0.000010 0.000010 0.000010 0.000010
0.000010 0.000010 0.000010 0.000010 0.000010 0.000010 0.000017 0.000010 0.000011 0.000010 0.094434 0.000017 0.000010 0.905432
0.000010 0.000010 0.999870 0.000010 0.000010 0.000010 0.000010 0.000010 0.000010 0.000010 0.000010 0.000010 0.000010 0.000010
0.000010 0.227555 0.018467 0.000010 0.000010 0.000010 0.659151 0.002814 0.089132 0.000010 0.000010 0.000010 0.000872 0.001938
0.000010 0.098009 0.000010 0.000010 0.000010 0.090227 0.000013 0.000010 0.000010 0.000010 0.000010 0.591906 0.000010 0.219755
0.000010 0.278914 0.000010 0.000010 0.000010 0.553902 0.000010 0.000010 0.028052 0.000010 0.000010 0.000010 0.000010 0.139032
0.000010 0.000010 0.000010 0.000012 0.000010 0.000010 0.000010 0.000010 0.482734 0.000010 0.167571 0.000010 0.059389 0.290204
0.000010 0.000010 0.000010 0.000010 0.000010 0.018611 0.000010 0.000010 0.224015 0.000010 0.757263 0.000010 0.000010 0.000010
0.000010 0.000010 0.000010 0.000010 0.000010 0.000010 0.000010 0.000010 0.000010 0.000010 0.000010 0.999870 0.000010 0.000010
0.000010 0.022301 0.101100 0.000010 0.000010 0.000010 0.000010 0.000010 0.272893 0.000010 0.058575 0.000010 0.000010 0.545041
0.000010 0.000010 0.313991 0.000010 0.000010 0.000010 0.054836 0.000010 0.043895 0.000010 0.587177 0.000010 0.000010 0.000010
0.000010 0.000010 0.223426 0.000010 0.000010 0.000010 0.000010 0.000010 0.084423 0.000010 0.692040 0.000010 0.000010 0.000010
0.000010 0.000010 0.000010 0.000010 0.000015 0.000010 0.000010 0.000010 0.688463 0.000010 0.000010 0.000010 0.000010 0.311412
0.000010 0.000010 0.000010 0.000010 0.000010 0.000010 0.096057 0.000010 0.000010 0.090033 0.813800 0.000010 0.000010 0.000010
0.000010 0.000010 0.000010 0.000010 0.000010 0.000010 0.000010 0.000010 0.000010 0.000010 0.999870 0.000010 0.000010 0.000010
0.000010 0.000010 0.000010 0.000010 0.000010 0.000010 0.000010 0.000010 0.000010 0.000010 0.999870 0.000010 0.000010 0.000010
0.000010 0.000017 0.000010 0.000010 0.000010 0.480827 0.000010 0.000010 0.000010 0.000010 0.344154 0.000010 0.000010 0.174902
0.000010 0.000010 0.055116 0.000010 0.000011 0.944758 0.000010 0.000010 0.000010 0.000010 0.000014 0.000010 0.000010 0.000010
0.000010 0.000011 0.631177 0.000010 0.000010 0.000010 0.000010 0.000013 0.000010 0.000010 0.368699 0.000010 0.000010 0.000010
0.000018 0.000010 0.000010 0.000010 0.000010 0.000010 0.000010 0.000010 0.653923 0.000010 0.333840 0.000010 0.012119 0.000010
0.000010 0.000010 0.000010 0.000010 0.000010 0.710329 0.000010 0.000010 0.000010 0.000010 0.000010 0.000010 0.000010 0.289551
0.000015 0.000010 0.000010 0.000010 0.000010 0.000010 0.030548 0.000010 0.195472 0.000010 0.773865 0.000010 0.000010 0.000010
0.000010 0.000010 0.000010 0.000010 0.000010 0.000010 0.000010 0.000011 0.000010 0.000010 0.090417 0.000010 0.000010 0.909463
0.000010 0.000010 0.000010 0.000010 0.000010 0.000010 0.214554 0.000010 0.307676 0.000010 0.406413 0.000010 0.000010 0.071257
0.000010 0.000010 0.000010 0.000010 0.000013 0.000010 0.000010 0.000010 0.604815 0.000010 0.085288 0.000010 0.000010 0.309784
0.000010 0.000010 0.000010 0.000011 0.000010 0.000010 0.000010 0.000010 0.155292 0.000010 0.000010 0.000010 0.000010 0.844587
0.000010 0.000010 0.160075 0.000010 0.000010 0.000010 0.566643 0.000010 0.074242 0.000010 0.191747 0.000010 0.000010 0.007203
0.000010 0.000010 0.327787 0.000010 0.000010 0.000010 0.000010 0.000010 0.442627 0.000010 0.229476 0.000010 0.000010 0.000010
0.000010 0.193762 0.101289 0.000010 0.000010 0.000010 0.126191 0.514414 0.000010 0.000010 0.000010 0.000010 0.038560 0.025704
0.000010 0.000010 0.000010 0.000010 0.000010 0.000010 0.000010 0.833739 0.000010 0.000010 0.000010 0.000010 0.166141 0.000010
0.000010 0.000010 0.000010 0.000010 0.000010 0.000010 0.000010 0.000010 0.000010 0.000010 0.653006 0.000010 0.000010 0.346874
0.000010 0.000010 0.072031 0.000010 0.000010 0.000010 0.000010 0.000010 0.290536 0.000010 0.589368 0.000010 0.000010 0.047965
0.000016 0.086847 0.309768 0.000010 0.000010 0.000010 0.032287 0.000010 0.000012 0.227189 0.343812 0.000010 0.000010 0.000010
0.000010 0.000010 0.656932 0.000010 0.000010 0.000010 0.000010 0.000010 0.342948 0.000010 0.000010 0.000010 0.000010 0.000010
0.000010 0.000010 0.099552 0.000010 0.000010 0.000010 0.000010 0.000010 0.384873 0.000010 0.159010 0.000010 0.000010 0.356465
0.000010 0.000010 0.000010 0.126031 0.000010 0.000010 0.000010 0.873849 0.000010 0.000010 0.000010 0.000010 0.000010 0.000010
0.000018 0.000010 0.580582 0.000013 0.000010 0.000010 0.000010 0.419287 0.000010 0.000010 0.000010 0.000010 0.000010 0.000010
0.000010 0.000010 0.000010 0.000010 0.000010 0.000015 0.000010 0.000014 0.161442 0.000010 0.639013 0.000010 0.000010 0.199427
0.000010 0.000010 0.321085 0.000010 0.000010 0.000010 0.000010 0.678795 0.000010 0.000010 0.000010 0.000010 0.000010 0.000010
0.000010 0.000010 0.000010 0.000010 0.000010 0.000010 0.000010 0.999870 0.000010 0.000010 0.000010 0.000010 0.000010 0.000010
0.000011 0.184753 0.307889 0.000010 0.000010 0.000010 0.000010 0.060205 0.418302 0.000010 0.000010 0.000010 0.000010 0.028759
0.000010 0.000010 0.367539 0.000010 0.000010 0.000010 0.000010 0.632341 0.000010 0.000010 0.000010 0.000010 0.000010 0.000010
0.000010 0.000010 0.099736 0.000010 0.000010 0.000010 0.000010 0.868313 0.031841 0.000010 0.000010 0.000010 0.000010 0.000010
0.000010 0.013891 0.166020 0.000010 0.000010 0.000010 0.000010 0.819979 0.000010 0.000010 0.000010 0.000010 0.000010 0.000010
0.000010 0.000010 0.000010 0.000010 0.000010 0.000010 0.000010 0.999870 0.000010 0.000010 0.000010 0.000010 0.000010 0.000010
0.000010 0.000010 0.329022 0.000010 0.000010 0.000010 0.000010 0.490045 0.000010 0.000010 0.000010 0.000010 0.000010 0.180823
0.000010 0.000010 0.907966 0.000010 0.000010 0.000010 0.000010 0.000010 0.091883 0.000010 0.000010 0.000010 0.000010 0.000041
0.000010 0.000010 0.425830 0.000010 0.254276 0.000010 0.042842 0.054243 0.000010 0.000010 0.000010 0.222719 0.000010 0.000010
0.000010 0.000011 0.316561 0.000010 0.000010 0.000010 0.000010 0.439185 0.244143 0.000010 0.000010 0.000010 0.000010 0.000010
0.000015 0.000010 0.253966 0.000010 0.000010 0.000010 0.000010 0.745909 0.000010 0.000010 0.000010 0.000010 0.000010 0.000010
0.000010 0.000010 0.525211 0.000010 0.000010 0.000010 0.000010 0.364165 0.110514 0.000010 0.000010 0.000010 0.000010 0.000010
0.000010 0.000010 0.778527 0.000010 0.000010 0.000010 0.000010 0.157744 0.038885 0.000010 0.000010 0.000010 0.000010 0.024744
0.000010 0.000010 0.999870 0.000010 0.000010 0.000010 0.000010 0.000010 0.000010 0.000010 0.000010 0.000010 0.000010 0.000010
0.000010 0.000010 0.857617 0.000010 0.000010 0.000010 0.000010 0.000010 0.142263 0.000010 0.000010 0.000010 0.000010 0.000010
0.000010 0.076290 0.027688 0.000010 0.000010 0.000010 0.000010 0.000010 0.507470 0.000010 0.388451 0.000010 0.000010 0.000010
0.000010 0.000010 0.142347 0.000010 0.000010 0.030400 0.000010 0.000010 0.535161 0.099413 0.192589 0.000010 0.000010 0.000010
0.000010 0.000010 0.000010 0.000010 0.000010 0.000010 0.000010 0.000010 0.374178 0.010663 0.000010 0.000010 0.615049 0.000010
0.000010 0.000010 0.000010 0.000010 0.000010 0.000010 0.000010 0.000010 0.433534 0.000010 0.566346 0.000010 0.000010 0.000010
0.000010 0.000010 0.999870 0.000010 0.000010 0.000010 0.000010 0.000010 0.000010 0.000010 0.000010 0.000010 0.000010 0.000010
0.000010 0.000010 0.999870 0.000010 0.000010 0.000010 0.000010 0.000010 0.000010 0.000010 0.000010 0.000010 0.000010 0.000010
0.000010 0.000010 0.288279 0.000010 0.000010 0.000010 0.319839 0.195708 0.000010 0.000010 0.156227 0.000010 0.039857 0.000010
0.000010 0.251698 0.144294 0.000010 0.000010 0.000010 0.000010 0.000010 0.259042 0.000010 0.209977 0.000010 0.000010 0.134900
0.000010 0.474927 0.291426 0.000010 0.000010 0.000010 0.000010 0.000010 0.082858 0.150690 0.000010 0.000010 0.000010 0.000010
0.000010 0.539932 0.197128 0.000011 0.000010 0.000010 0.000010 0.000010 0.262829 0.000010 0.000010 0.000010 0.000010 0.000010
0.000010 0.228460 0.122222 0.000010 0.000010 0.000010 0.000010 0.000010 0.371316 0.000010 0.000010 0.000010 0.277902 0.000010
0.000010 0.256895 0.072166 0.000010 0.000010 0.000010 0.124870 0.000010 0.009351 0.000010 0.529792 0.000010 0.006848 0.000010
0.000010 0.000010 0.155755 0.000010 0.000010 0.000010 0.000010 0.000010 0.307989 0.098029 0.438128 0.000010 0.000010 0.000010
0.000012 0.000010 0.000010 0.000010 0.000018 0.153680 0.000010 0.000013 0.000010 0.000010 0.846183 0.000014 0.000010 0.000010
0.000010 0.000010 0.000010 0.000010 0.000010 0.713073 0.000010 0.000010 0.000010 0.000010 0.000010 0.286807 0.000010 0.000010
0.000010 0.000010 0.000010 0.000010 0.000010 0.372935 0.000010 0.000010 0.000010 0.000010 0.000010 0.626945 0.000010 0.000010
0.000010 0.000010 0.000010 0.000010 0.000010 0.000010 0.000012 0.000010 0.000010 0.000010 0.902972 0.000010 0.000010 0.096907
0.000010 0.000010 0.000010 0.000010 0.000010 0.358549 0.000010 0.092348 0.000010 0.451043 0.000010 0.000010 0.097960 0.000010
0.000010 0.000010 0.000010 0.000010 0.000010 0.036089 0.000010 0.052210 0.000010 0.000010 0.214041 0.000010 0.000010 0.697559
0.000010 0.000010 0.546273 0.000010 0.000010 0.000010 0.000010 0.000010 0.000010 0.319147 0.000010 0.000010 0.000010 0.134470
0.000012 0.000010 0.000010 0.000010 0.000010 0.000010 0.345279 0.000011 0.000010 0.000010 0.654599 0.000010 0.000010 0.000010
0.000010 0.000010 0.403801 0.000010 0.000010 0.000010 0.000010 0.000010 0.000010 0.179664 0.416425 0.000010 0.000010 0.000010
0.000010 0.000010 0.546428 0.000010 0.000010 0.000010 0.000010 0.000010 0.009066 0.000010 0.444396 0.000010 0.000010 0.000010
0.000010 0.000010 0.399531 0.000010 0.000010 0.000010 0.000010 0.000010 0.000010 0.245754 0.354605 0.000010 0.000010 0.000010
0.000010 0.000010 0.020909 0.000010 0.000010 0.000010 0.000010 0.000010 0.109853 0.861767 0.000010 0.000010 0.007370 0.000010
0.000010 0.090227 0.117130 0.000010 0.000010 0.000010 0.000010 0.000010 0.002607 0.789936 0.000010 0.000010 0.000010 0.000010
0.000010 0.000010 0.000010 0.000013 0.000010 0.000010 0.000010 0.000010 0.000010 0.999866 0.000010 0.000011 0.000010 0.000010
0.000010 0.000010 0.000010 0.000011 0.000010 0.000010 0.000010 0.000010 0.000010 0.838417 0.161462 0.000010 0.000010 0.000010
0.000010 0.000010 0.231399 0.000010 0.000010 0.000010 0.000010 0.000010 0.000010 0.768481 0.000010 0.000010 0.000010 0.000010
0.000010 0.000010 0.000010 0.000010 0.000010 0.000010 0.000010 0.000010 0.000010 0.999868 0.000010 0.000011 0.000010 0.000010
0.000010 0.000010 0.000010 0.000010 0.000010 0.000010 0.197219 0.000010 0.000010 0.785006 0.017665 0.000010 0.000010 0.000010
0.000010 0.000010 0.813593 0.000010 0.066330 0.000010 0.000010 0.029651 0.090326 0.000010 0.000010 0.000010 0.000010 0.000010
0.000010 0.000010 0.000010 0.000010 0.000010 0.000010 0.582471 0.000010 0.000010 0.000010 0.417409 0.000010 0.000010 0.000010
0.000010 0.000010 0.000010 0.000010 0.000010 0.000010 0.000010 0.193401 0.000010 0.806479 0.000010 0.000010 0.000010 0.000010
0.000010 0.000010 0.000010 0.000010 0.000010 0.000010 0.812792 0.000010 0.000010 0.000010 0.187088 0.000010 0.000010 0.000010
0.000010 0.000010 0.000010 0.000011 0.000010 0.000010 0.999868 0.000010 0.000010 0.000011 0.000010 0.000010 0.000010 0.000010
0.000010 0.000010 0.000010 0.000013 0.000010 0.000010 0.999867 0.000010 0.000010 0.000010 0.000010 0.000010 0.000010 0.000010
0.000010 0.000011 0.000010 0.000010 0.000010 0.000010 0.999869 0.000010 0.000010 0.000010 0.000010 0.000010 0.000010 0.000010
0.000010 0.000010 0.000010 0.000010 0.000010 0.000010 0.999870 0.000010 0.000010 0.000010 0.000010 0.000010 0.000010 0.000010
0.000010 0.000010 0.000010 0.000010 0.000011 0.000010 0.999869 0.000010 0.000010 0.000010 0.000010 0.000010 0.000010 0.000010
0.000010 0.000010 0.000010 0.000010 0.000010 0.000010 0.560791 0.000010 0.439089 0.000010 0.000010 0.000010 0.000010 0.000010
0.000010 0.000011 0.000010 0.000010 0.000010 0.000010 0.808605 0.000010 0.191274 0.000010 0.000010 0.000010 0.000010 0.000010
0.000010 0.000010 0.000010 0.000010 0.000010 0.000010 0.554231 0.000010 0.000010 0.000010 0.445649 0.000010 0.000010 0.000010
0.000010 0.000010 0.544489 0.000010 0.000010 0.128303 0.139573 0.000010 0.000010 0.000010 0.187535 0.000010 0.000010 0.000010
0.000010 0.000010 0.000010 0.000010 0.000010 0.288296 0.000010 0.000010 0.000010 0.000010 0.045258 0.666336 0.000010 0.000010
0.000010 0.000010 0.000010 0.000010 0.000010 0.782197 0.000010 0.000010 0.000010 0.000010 0.000010 0.217683 0.000010 0.000010
0.000010 0.000011 0.000010 0.007007 0.000010 0.000010 0.437738 0.062832 0.222270 0.000010 0.190247 0.000010 0.044167 0.035668
0.000010 0.000010 0.000012 0.999867 0.000010 0.000010 0.000010 0.000010 0.000011 0.000010 0.000010 0.000010 0.000010 0.000010
0.000010 0.000010 0.000010 0.000010 0.000010 0.844949 0.000010 0.000010 0.000010 0.154931 0.000010 0.000010 0.000010 0.000010
0.000010 0.000010 0.000010 0.000010 0.000010 0.868901 0.000010 0.000010 0.000010 0.000010 0.130979 0.000010 0.000010 0.000010
0.000010 0.249497 0.000010 0.068875 0.117055 0.000010 0.053241 0.058329 0.000010 0.000010 0.000010 0.304860 0.076898 0.071184
0.000010 0.095517 0.104622 0.000010 0.000010 0.000010 0.008186 0.000010 0.004133 0.000010 0.066325 0.679972 0.000010 0.041175
0.000010 0.000010 0.035220 0.000010 0.000010 0.000010 0.000010 0.000010 0.000010 0.000010 0.000010 0.964660 0.000010 0.000010
0.000010 0.000010 0.000010 0.000010 0.000010 0.000010 0.000010 0.000010 0.000010 0.000010 0.024922 0.974958 0.000010 0.000010
0.000010 0.000010 0.000010 0.000010 0.000010 0.000010 0.000010 0.000010 0.000010 0.142525 0.857355 0.000010 0.000010 0.000010
0.000010 0.339662 0.000010 0.000010 0.000010 0.275402 0.000010 0.318933 0.000010 0.065902 0.000010 0.000010 0.000010 0.000010
0.000010 0.140779 0.000010 0.000010 0.000010 0.000010 0.000010 0.081561 0.066493 0.000010 0.522382 0.000010 0.000010 0.188694
0.000010 0.123290 0.000010 0.000010 0.000010 0.538346 0.000010 0.000010 0.000010 0.000010 0.338254 0.000010 0.000010 0.000010
0.000019 0.000010 0.000010 0.000010 0.000010 0.000010 0.000010 0.000010 0.000010 0.000010 0.000010 0.000010 0.768769 0.231103
0.000010 0.000010 0.855117 0.000010 0.000010 0.000010 0.000010 0.000010 0.144763 0.000010 0.000010 0.000010 0.000010 0.000010
