0.333186 0.646807 0.000010 0.000010 0.000010 0.000010 0.019967
0.999937 0.000010 0.000010 0.000010 0.000011 0.000012 0.000010
0.639173 0.000010 0.304456 0.009644 0.046696 0.000010 0.000010
0.000010 0.999940 0.000010 0.000010 0.000010 0.000010 0.000010
0.559876 0.440074 0.000010 0.000010 0.000010 0.000010 0.000010
0.440475 0.000010 0.000010 0.559475 0.000010 0.000010 0.000010
0.911343 0.052204 0.015729 0.000010 0.020694 0.000010 0.000010
0.193410 0.000010 0.000010 0.806540 0.000010 0.000010 0.000010
0.000010 0.000010 0.121400 0.000010 0.878550 0.000010 0.000010
0.173568 0.000010 0.000010 0.826382 0.000010 0.000010 0.000010
0.180306 0.000010 0.000010 0.819644 0.000010 0.000010 0.000010
0.000010 0.637860 0.000010 0.000010 0.000010 0.000010 0.362090
0.203899 0.000010 0.000010 0.719985 0.000010 0.000010 0.076076
0.000010 0.000010 0.000010 0.999940 0.000010 0.000010 0.000010
0.000010 0.000010 0.000010 0.999940 0.000010 0.000010 0.000010
0.622409 0.000010 0.000010 0.279466 0.000010 0.000010 0.098085
0.348137 0.033456 0.040035 0.519087 0.000010 0.000010 0.059265
0.121865 0.000010 0.128412 0.702413 0.047280 0.000010 0.000010
0.576150 0.000010 0.000010 0.423800 0.000010 0.000010 0.000010
0.306026 0.000010 0.075508 0.465780 0.053020 0.000010 0.099646
0.000010 0.000010 0.000010 0.999940 0.000010 0.000010 0.000010
0.014090 0.072120 0.000010 0.913750 0.000010 0.000010 0.000010
0.283890 0.000010 0.000010 0.000010 0.000010 0.000010 0.716060
0.229307 0.053348 0.030672 0.686644 0.000010 0.000010 0.000010
0.000010 0.000010 0.130870 0.000010 0.805776 0.000010 0.063315
0.000010 0.000010 0.000010 0.255758 0.744192 0.000010 0.000010
0.000010 0.000016 0.000011 0.000010 0.000010 0.999933 0.000010
0.000010 0.999940 0.000010 0.000010 0.000010 0.000010 0.000010
0.000010 0.000010 0.000010 0.000010 0.000010 0.999940 0.000010
0.000010 0.000010 0.000010 0.778568 0.221382 0.000010 0.000010
0.000010 0.000010 0.000010 0.999940 0.000010 0.000010 0.000010
0.000010 0.000019 0.000010 0.000010 0.000012 0.999929 0.000010
0.000014 0.000010 0.000010 0.000010 0.000010 0.999936 0.000010
0.033996 0.019601 0.070149 0.000010 0.507161 0.268040 0.101043
0.000010 0.000010 0.000010 0.280814 0.719136 0.000010 0.000010
0.000010 0.000010 0.000010 0.000010 0.000010 0.999940 0.000010
0.029327 0.000010 0.000010 0.583360 0.387272 0.000010 0.000010
0.000010 0.000010 0.000010 0.065632 0.934318 0.000010 0.000010
0.000010 0.000010 0.000010 0.709230 0.290720 0.000010 0.000010
0.218520 0.000010 0.000010 0.781430 0.000010 0.000010 0.000010
0.000010 0.000010 0.000010 0.000010 0.108634 0.891316 0.000010
0.000010 0.000010 0.063008 0.000010 0.835586 0.101366 0.000010
0.000010 0.000010 0.000010 0.114500 0.885450 0.000010 0.000010
0.003331 0.000010 0.000010 0.000010 0.925991 0.000010 0.070638
0.000012 0.000010 0.000010 0.136691 0.863257 0.000010 0.000010
0.000010 0.000010 0.000010 0.000010 0.999940 0.000010 0.000010
0.000010 0.000010 0.000010 0.000010 0.000010 0.999940 0.000010
0.000010 0.000010 0.000016 0.000010 0.000010 0.999934 0.000010
0.000010 0.000010 0.000010 0.062689 0.000010 0.937261 0.000010
0.000010 0.000010 0.000010 0.000010 0.000010 0.999940 0.000010
0.000010 0.000010 0.000010 0.000010 0.999940 0.000010 0.000010
0.000010 0.000010 0.000010 0.000010 0.999940 0.000010 0.000010
0.000010 0.000010 0.000010 0.276553 0.723397 0.000010 0.000010
0.000010 0.000010 0.000010 0.000010 0.000010 0.999939 0.000010
0.000010 0.000010 0.000010 0.000010 0.000010 0.999940 0.000010
0.000010 0.000010 0.000010 0.000010 0.000010 0.999940 0.000010
0.000010 0.010757 0.000010 0.177421 0.770050 0.000010 0.041742
0.000010 0.000010 0.000010 0.000010 0.000010 0.999940 0.000010
0.000010 0.000010 0.000011 0.000010 0.000010 0.999939 0.000010
0.000010 0.000010 0.000010 0.000010 0.000010 0.999940 0.000010
0.000010 0.000010 0.000010 0.000010 0.999940 0.000010 0.000010
0.000010 0.000010 0.000010 0.000010 0.999940 0.000010 0.000010
0.000010 0.000010 0.000010 0.000010 0.999940 0.000010 0.000010
0.000010 0.000010 0.000010 0.000010 0.999940 0.000010 0.000010
0.000010 0.000010 0.000010 0.000010 0.999940 0.000010 0.000010
0.000010 0.000010 0.000010 0.000010 0.999940 0.000010 0.000010
0.177184 0.000010 0.194109 0.613350 0.015326 0.000010 0.000010
0.000010 0.000010 0.111934 0.888016 0.000010 0.000010 0.000010
0.128915 0.000010 0.000010 0.871035 0.000010 0.000010 0.000010
0.096951 0.000010 0.000010 0.902999 0.000010 0.000010 0.000010
0.455873 0.000010 0.000010 0.544077 0.000010 0.000010 0.000010
0.051961 0.947989 0.000010 0.000010 0.000010 0.000010 0.000010
0.365864 0.202942 0.000010 0.000010 0.000010 0.000010 0.431154
0.769710 0.000010 0.223347 0.000010 0.000010 0.000010 0.006903
0.713183 0.000010 0.141364 0.000010 0.000010 0.000010 0.145414
0.939053 0.000010 0.060897 0.000010 0.000010 0.000010 0.000010
0.718155 0.000010 0.142079 0.000010 0.000010 0.000010 0.139726
0.696645 0.088396 0.196369 0.000010 0.000010 0.000010 0.018560
0.960708 0.000010 0.000010 0.000010 0.000010 0.000010 0.039242
0.875172 0.000010 0.124778 0.000010 0.000010 0.000010 0.000010
0.487688 0.464418 0.000010 0.047854 0.000010 0.000010 0.000010
0.414039 0.000010 0.367807 0.000010 0.000012 0.000010 0.218112
0.340658 0.050085 0.555050 0.000010 0.000013 0.000010 0.054174
0.193957 0.034451 0.771552 0.000010 0.000010 0.000010 0.000010
0.412843 0.154046 0.000010 0.433071 0.000010 0.000010 0.000010
0.999940 0.000010 0.000010 0.000010 0.000010 0.000010 0.000010
0.443780 0.340917 0.000010 0.000013 0.000010 0.000010 0.215259
0.999940 0.000010 0.000010 0.000010 0.000010 0.000010 0.000010
0.393152 0.000010 0.000010 0.606798 0.000010 0.000010 0.000010
0.000010 0.999940 0.000010 0.000010 0.000010 0.000010 0.000010
0.000010 0.557447 0.035651 0.000010 0.000010 0.000010 0.406862
0.000010 0.000010 0.000010 0.000010 0.000010 0.000010 0.999940
0.000010 0.000010 0.000010 0.000010 0.000010 0.000010 0.999940
0.000010 0.238057 0.000010 0.000010 0.000010 0.000010 0.761893
0.054207 0.945743 0.000010 0.000010 0.000010 0.000010 0.000010
0.496518 0.503432 0.000010 0.000010 0.000010 0.000010 0.000010
0.387916 0.000010 0.336684 0.000010 0.000010 0.000010 0.275360
0.734002 0.000010 0.000010 0.000010 0.000010 0.000010 0.265948
0.553947 0.081835 0.000010 0.000010 0.000016 0.000010 0.364172
0.173289 0.000010 0.152668 0.000010 0.000010 0.000010 0.674003
0.452022 0.000010 0.000010 0.000010 0.000010 0.000010 0.547928
0.000010 0.999940 0.000010 0.000010 0.000010 0.000010 0.000010
0.000010 0.999940 0.000010 0.000010 0.000010 0.000010 0.000010
0.017369 0.000010 0.050307 0.000010 0.000010 0.000010 0.932283
0.068846 0.120373 0.000010 0.000010 0.000010 0.000010 0.810741
0.000010 0.999940 0.000010 0.000010 0.000010 0.000010 0.000010
0.317584 0.468964 0.132112 0.000010 0.000010 0.000010 0.081310
0.072179 0.122834 0.000010 0.000010 0.000010 0.000010 0.804947
0.000010 0.722555 0.000010 0.000010 0.000010 0.000010 0.277395
0.000010 0.000010 0.064441 0.000010 0.000010 0.000010 0.935509
0.022671 0.289728 0.000010 0.391143 0.000010 0.000010 0.296428
0.002067 0.997881 0.000010 0.000010 0.000012 0.000010 0.000010
0.000010 0.024945 0.000010 0.000010 0.000010 0.000010 0.975005
0.017927 0.093090 0.264590 0.000010 0.187167 0.000010 0.437206
0.618520 0.028032 0.183030 0.000010 0.000010 0.000010 0.170388
0.515030 0.000010 0.000010 0.484920 0.000010 0.000010 0.000010
0.285374 0.113193 0.000010 0.453168 0.115601 0.000010 0.032645
0.000010 0.118552 0.073413 0.000010 0.000010 0.000010 0.807995
0.098275 0.042262 0.070492 0.000010 0.000010 0.000010 0.788940
0.000010 0.152698 0.000010 0.000010 0.000010 0.000010 0.847252
0.211053 0.735077 0.053831 0.000010 0.000010 0.000010 0.000010
0.000010 0.000010 0.000010 0.000010 0.000010 0.000010 0.999940
0.000010 0.999940 0.000010 0.000010 0.000010 0.000010 0.000010
0.000010 0.000015 0.999931 0.000014 0.000010 0.000010 0.000010
0.793808 0.000010 0.000010 0.000010 0.000010 0.000010 0.206142
0.999940 0.000010 0.000010 0.000010 0.000010 0.000010 0.000010
0.457044 0.029712 0.000010 0.210809 0.000010 0.000010 0.302405
0.795363 0.194439 0.000010 0.000010 0.000010 0.000010 0.010158
0.000010 0.000010 0.999940 0.000010 0.000010 0.000010 0.000010
0.275301 0.000010 0.724649 0.000010 0.000010 0.000010 0.000010
0.000010 0.000010 0.999940 0.000010 0.000010 0.000010 0.000010
0.612336 0.000010 0.000010 0.000010 0.000010 0.000010 0.387614
0.000010 0.999940 0.000010 0.000010 0.000010 0.000010 0.000010
0.119186 0.880764 0.000010 0.000010 0.000010 0.000010 0.000010
0.000010 0.000010 0.000010 0.000010 0.000010 0.000010 0.999940
0.042341 0.700640 0.000020 0.000010 0.000010 0.000010 0.256968
0.000010 0.892592 0.000010 0.000010 0.000010 0.000010 0.107358
0.191038 0.044865 0.000010 0.016146 0.091760 0.000010 0.656171
0.948937 0.000010 0.051013 0.000010 0.000010 0.000010 0.000010
0.000010 0.059317 0.822539 0.000010 0.000010 0.000010 0.118103
0.091867 0.064399 0.000010 0.746903 0.000010 0.000010 0.096801
0.280062 0.000010 0.631385 0.000010 0.000010 0.000010 0.088513
0.165922 0.071364 0.168378 0.414481 0.000010 0.000010 0.179835
0.000010 0.801636 0.108912 0.000010 0.000010 0.000010 0.089412
0.179051 0.068828 0.000010 0.476551 0.079219 0.000010 0.196332
0.000010 0.000010 0.000010 0.000010 0.000010 0.000010 0.999940
0.000010 0.000010 0.000010 0.000010 0.000010 0.000010 0.999940
0.669159 0.000010 0.131621 0.199180 0.000010 0.000010 0.000010
0.109382 0.506670 0.000010 0.000010 0.000010 0.000010 0.383909
0.507598 0.000010 0.380886 0.000010 0.111476 0.000010 0.000010
0.000010 0.819611 0.000011 0.000010 0.000010 0.000010 0.180338
0.216785 0.033453 0.000010 0.634642 0.000010 0.000010 0.115091
0.216264 0.000010 0.266197 0.373347 0.083083 0.000010 0.061089
0.420919 0.140045 0.026155 0.000010 0.013327 0.000010 0.399533
0.624976 0.374974 0.000010 0.000010 0.000010 0.000010 0.000010
0.402939 0.000010 0.026079 0.318335 0.000010 0.000010 0.252618
0.054166 0.000010 0.000010 0.945784 0.000010 0.000010 0.000010
0.693154 0.000010 0.073607 0.188934 0.044275 0.000010 0.000010
0.127030 0.000010 0.000010 0.679364 0.193566 0.000010 0.000010
0.322526 0.344774 0.000013 0.000010 0.000010 0.000010 0.332657
0.375779 0.624171 0.000010 0.000010 0.000010 0.000010 0.000010
0.465532 0.000010 0.000010 0.000010 0.000010 0.000010 0.534418
0.039216 0.860186 0.000010 0.000010 0.000010 0.000010 0.100558
0.550747 0.197577 0.251632 0.000010 0.000010 0.000014 0.000010
0.378890 0.228903 0.352095 0.040076 0.000015 0.000010 0.000010
0.506591 0.110377 0.000010 0.000010 0.000010 0.000010 0.382992
0.000010 0.000010 0.000010 0.000010 0.000010 0.000010 0.999940
0.569401 0.114429 0.000010 0.000010 0.000010 0.000010 0.316131
0.951884 0.029915 0.000010 0.000010 0.000010 0.000010 0.018160
0.272254 0.215383 0.012699 0.000010 0.048515 0.000010 0.451129
0.000010 0.000010 0.000010 0.000010 0.000013 0.000010 0.999937
0.000010 0.585305 0.000010 0.000017 0.000010 0.000010 0.414638
0.625809 0.000010 0.218372 0.000010 0.000010 0.000010 0.155779
0.284589 0.000010 0.715361 0.000010 0.000010 0.000010 0.000010
0.014725 0.000010 0.803182 0.000010 0.000013 0.000010 0.182050
0.180086 0.000010 0.819864 0.000010 0.000010 0.000010 0.000010
0.771645 0.000010 0.062537 0.000010 0.165778 0.000010 0.000010
0.781914 0.005395 0.000010 0.000010 0.000010 0.000010 0.212652
0.000010 0.000010 0.000010 0.000010 0.000010 0.999940 0.000010
0.721176 0.027471 0.106664 0.000010 0.089437 0.055231 0.000010
0.689473 0.000010 0.000010 0.000010 0.000010 0.000010 0.310477
0.628073 0.000010 0.234193 0.000010 0.000010 0.000010 0.137694
0.976156 0.000010 0.023794 0.000010 0.000010 0.000010 0.000010
0.000010 0.000010 0.000010 0.000010 0.000010 0.000010 0.999940
0.367064 0.000777 0.016879 0.000010 0.000010 0.000010 0.615251
0.299432 0.000010 0.025238 0.322902 0.000010 0.000010 0.352399
0.121026 0.878915 0.000019 0.000010 0.000010 0.000010 0.000010
0.000010 0.064568 0.000010 0.000010 0.000010 0.000010 0.935382
0.000010 0.999940 0.000010 0.000010 0.000010 0.000010 0.000010
0.000010 0.199308 0.000010 0.000010 0.000010 0.000010 0.800642
0.000010 0.999940 0.000010 0.000010 0.000010 0.000010 0.000010
0.091122 0.820386 0.000010 0.000010 0.000010 0.000010 0.088452
0.527769 0.460645 0.000014 0.000010 0.000010 0.000010 0.011543
0.287965 0.000010 0.000010 0.000010 0.000010 0.000010 0.711985
0.204212 0.000010 0.079069 0.508440 0.000010 0.000010 0.208249
0.733031 0.000010 0.205758 0.000010 0.061171 0.000010 0.000010
0.015425 0.000010 0.956366 0.000010 0.000010 0.000010 0.028169
0.235902 0.066835 0.368753 0.000010 0.037161 0.000010 0.291330
0.027636 0.067133 0.833052 0.000010 0.000010 0.000010 0.072150
0.000010 0.000010 0.000010 0.000010 0.000010 0.000010 0.999940
0.673190 0.000330 0.000010 0.268270 0.000010 0.000010 0.058180
0.275758 0.293851 0.016562 0.000010 0.000010 0.000010 0.413799
0.604991 0.000010 0.000010 0.281635 0.000010 0.000010 0.113334
0.648850 0.000010 0.351100 0.000010 0.000010 0.000010 0.000010
0.000010 0.999937 0.000010 0.000013 0.000010 0.000010 0.000010
0.854870 0.000010 0.145080 0.000010 0.000010 0.000010 0.000010
0.572472 0.024336 0.380755 0.000010 0.000010 0.000010 0.022407
0.000010 0.190048 0.000010 0.493939 0.315972 0.000010 0.000010
0.000010 0.172215 0.000010 0.646117 0.000010 0.000010 0.181628
0.000010 0.518899 0.000010 0.000010 0.000010 0.000010 0.481051
0.570964 0.152308 0.000010 0.051109 0.000010 0.000010 0.225589
0.000010 0.000010 0.000010 0.455799 0.544151 0.000010 0.000010
0.203328 0.514551 0.000010 0.000010 0.000010 0.000010 0.282081
0.810372 0.054141 0.015892 0.000010 0.000015 0.000010 0.119560
0.777513 0.000010 0.000010 0.000010 0.000010 0.000010 0.222437
0.000010 0.382333 0.000010 0.000015 0.000010 0.000010 0.617612
0.942065 0.000010 0.047633 0.000010 0.000010 0.000010 0.010262
0.958874 0.000010 0.000010 0.041076 0.000010 0.000010 0.000010
0.999940 0.000010 0.000010 0.000010 0.000010 0.000010 0.000010
0.270388 0.144083 0.000010 0.549943 0.000010 0.000010 0.035556
0.260452 0.000010 0.000010 0.739498 0.000010 0.000010 0.000010
0.999940 0.000010 0.000010 0.000010 0.000010 0.000010 0.000010
0.240582 0.056064 0.000010 0.000010 0.000010 0.000010 0.703314
0.000010 0.296780 0.000010 0.703170 0.000010 0.000010 0.000010
0.570007 0.147970 0.000010 0.000015 0.000010 0.000010 0.281978
0.000010 0.999932 0.000010 0.000018 0.000010 0.000010 0.000010
0.518198 0.066039 0.068743 0.000010 0.000010 0.000010 0.346991
0.000010 0.446538 0.000010 0.000015 0.000010 0.000010 0.553407
0.000010 0.908247 0.000012 0.000010 0.000010 0.000010 0.091701
0.696716 0.024485 0.186375 0.000010 0.012334 0.000010 0.080070
0.466323 0.077907 0.059689 0.000010 0.000010 0.000010 0.396051
0.000010 0.255591 0.741290 0.000010 0.003079 0.000010 0.000010
0.000010 0.030245 0.839789 0.000010 0.000010 0.000010 0.129926
0.362224 0.637726 0.000010 0.000010 0.000010 0.000010 0.000010
0.499371 0.193041 0.000010 0.000010 0.000010 0.000010 0.307548
0.970039 0.000010 0.000010 0.000010 0.029911 0.000010 0.000010
0.319124 0.000010 0.297082 0.000010 0.000010 0.000010 0.383754
0.078735 0.409965 0.053011 0.000010 0.000010 0.000010 0.458258
0.000010 0.078557 0.832798 0.000010 0.000010 0.088605 0.000010
0.216743 0.000010 0.783207 0.000010 0.000010 0.000010 0.000010
0.408931 0.391614 0.000010 0.000010 0.000010 0.000010 0.199414
0.000010 0.000010 0.999940 0.000010 0.000010 0.000010 0.000010
0.000010 0.000010 0.999940 0.000010 0.000010 0.000010 0.000010
0.135754 0.148835 0.339527 0.000010 0.000010 0.000010 0.375854
0.134236 0.000010 0.865714 0.000010 0.000010 0.000010 0.000010
0.000010 0.000010 0.999940 0.000010 0.000010 0.000010 0.000010
0.000010 0.000010 0.999940 0.000010 0.000010 0.000010 0.000010
0.000010 0.000010 0.949016 0.000010 0.000010 0.000010 0.050934
0.076973 0.259159 0.663828 0.000010 0.000010 0.000010 0.000010
0.779036 0.000010 0.220914 0.000010 0.000010 0.000010 0.000010
0.255616 0.000010 0.239673 0.148881 0.355800 0.000010 0.000010
0.038467 0.000010 0.627897 0.000010 0.000010 0.000010 0.333595
0.000010 0.000010 0.999940 0.000010 0.000010 0.000010 0.000010
0.285460 0.000010 0.696018 0.000010 0.000010 0.000010 0.018481
0.456077 0.097429 0.446451 0.000010 0.000014 0.000010 0.000010
0.732925 0.006989 0.260046 0.000010 0.000010 0.000010 0.000010
0.710907 0.000010 0.276692 0.000010 0.000010 0.000010 0.012361
0.392853 0.000010 0.000010 0.000010 0.000010 0.000010 0.607097
0.561428 0.000010 0.000010 0.000010 0.000010 0.000010 0.438522
0.000010 0.000010 0.000010 0.000010 0.000010 0.000010 0.999940
0.419407 0.104986 0.000010 0.000010 0.000010 0.000010 0.475567
0.583245 0.000010 0.416705 0.000010 0.000010 0.000010 0.000010
0.583475 0.000010 0.416475 0.000010 0.000010 0.000010 0.000010
0.436878 0.000010 0.427998 0.000010 0.000010 0.000010 0.135084
0.293701 0.209904 0.073410 0.000010 0.000010 0.000010 0.422954
0.623953 0.000010 0.095053 0.000010 0.128542 0.000010 0.152421
0.421704 0.000010 0.165405 0.000010 0.000010 0.000010 0.412852
0.197179 0.000010 0.000010 0.000010 0.000010 0.000010 0.802771
0.671678 0.000010 0.123921 0.000010 0.000010 0.000010 0.204362
0.671079 0.061778 0.000010 0.000010 0.000010 0.000010 0.267103
0.792527 0.109274 0.000010 0.098159 0.000010 0.000010 0.000010
0.000010 0.000010 0.000010 0.999940 0.000010 0.000010 0.000010
0.000010 0.000010 0.000010 0.830095 0.169855 0.000010 0.000010
0.517427 0.482523 0.000010 0.000010 0.000010 0.000010 0.000010
0.213253 0.039349 0.333127 0.386118 0.000010 0.000010 0.028133
0.164553 0.764926 0.059894 0.010592 0.000016 0.000010 0.000010
0.752459 0.126164 0.084491 0.000010 0.000010 0.000010 0.036856
0.999940 0.000010 0.000010 0.000010 0.000010 0.000010 0.000010
0.999940 0.000010 0.000010 0.000010 0.000010 0.000010 0.000010
0.983487 0.000010 0.000010 0.000010 0.000010 0.000010 0.016463
0.997277 0.000010 0.002673 0.000010 0.000010 0.000010 0.000010
0.446217 0.000010 0.461941 0.000010 0.018356 0.000010 0.073456
0.517583 0.000010 0.430227 0.039046 0.000010 0.000010 0.013114
0.617456 0.000010 0.258084 0.000010 0.124421 0.000010 0.000010
0.764820 0.000010 0.093322 0.000010 0.141818 0.000010 0.000010
0.720696 0.000010 0.174682 0.000010 0.104583 0.000010 0.000010
0.698635 0.000010 0.173450 0.000010 0.127875 0.000010 0.000010
0.631141 0.000010 0.057397 0.059049 0.252383 0.000010 0.000010
0.743722 0.000010 0.171817 0.000010 0.084422 0.000010 0.000010
0.999940 0.000010 0.000010 0.000010 0.000010 0.000010 0.000010
0.329494 0.000010 0.240903 0.078491 0.351083 0.000010 0.000010
0.894590 0.000010 0.105360 0.000010 0.000010 0.000010 0.000010
0.654264 0.000010 0.345686 0.000010 0.000010 0.000010 0.000010
0.638604 0.000010 0.361346 0.000010 0.000010 0.000010 0.000010
0.674353 0.000010 0.325597 0.000010 0.000010 0.000010 0.000010
0.661742 0.000012 0.338205 0.000010 0.000010 0.000010 0.000010
0.647664 0.000010 0.352286 0.000010 0.000010 0.000010 0.000010
0.452784 0.000010 0.228246 0.000010 0.000010 0.000010 0.318930
0.532818 0.000010 0.450653 0.000010 0.000010 0.000010 0.016489
0.920395 0.000010 0.079555 0.000010 0.000010 0.000010 0.000010
0.818516 0.000010 0.096071 0.085373 0.000010 0.000010 0.000010
0.000010 0.000010 0.000010 0.701699 0.298251 0.000010 0.000010
0.000010 0.000010 0.000010 0.999940 0.000010 0.000010 0.000010
0.536755 0.028158 0.192038 0.000010 0.000010 0.030223 0.212806
0.000010 0.000010 0.000010 0.000010 0.000010 0.999940 0.000010
0.000010 0.000010 0.000010 0.999940 0.000010 0.000010 0.000010
0.171608 0.000010 0.000010 0.828342 0.000010 0.000010 0.000010
0.000010 0.112578 0.107561 0.107052 0.546341 0.025044 0.101414
0.191819 0.057044 0.000010 0.092482 0.658625 0.000010 0.000010
0.014411 0.000010 0.007260 0.076056 0.902240 0.000013 0.000010
0.000010 0.000010 0.000010 0.200738 0.799212 0.000010 0.000010
0.925304 0.074646 0.000010 0.000010 0.000010 0.000010 0.000010
0.120646 0.000010 0.449288 0.263315 0.000010 0.000010 0.166721
0.342951 0.472807 0.088218 0.000010 0.000010 0.000010 0.095994
0.537585 0.000010 0.000010 0.462365 0.000010 0.000010 0.000010
0.000010 0.326650 0.086424 0.000010 0.000010 0.000010 0.586886
0.509385 0.000010 0.253294 0.000010 0.000010 0.000010 0.237282
0.284922 0.453521 0.000010 0.000010 0.000010 0.000010 0.261517
0.000010 0.912030 0.000010 0.000010 0.000010 0.000010 0.087920
0.000010 0.000010 0.000010 0.291499 0.708451 0.000010 0.000010
0.000010 0.000010 0.000010 0.000010 0.000010 0.999940 0.000010
0.000010 0.000010 0.000010 0.437578 0.470369 0.092013 0.000010
0.000010 0.000010 0.000010 0.000010 0.000010 0.999940 0.000010
0.589127 0.076669 0.000010 0.334164 0.000010 0.000010 0.000010
0.670505 0.000011 0.329444 0.000010 0.000010 0.000010 0.000010
0.591872 0.038995 0.369086 0.000017 0.000010 0.000010 0.000010
0.265870 0.048202 0.000010 0.685888 0.000010 0.000010 0.000010
0.633975 0.365975 0.000010 0.000010 0.000010 0.000010 0.000010
0.000010 0.028107 0.000010 0.000010 0.971843 0.000010 0.000010
0.435102 0.029062 0.063639 0.233587 0.146041 0.000010 0.092559
