0.350580 0.649400 0.000010 0.000010
0.999970 0.000010 0.000010 0.000010
0.794489 0.000010 0.000010 0.205491
0.000010 0.999961 0.000019 0.000010
0.644298 0.355682 0.000010 0.000010
0.999970 0.000010 0.000010 0.000010
0.946924 0.043656 0.009410 0.000010
0.942221 0.000010 0.000010 0.057759
0.000010 0.000010 0.000010 0.999970
0.999970 0.000010 0.000010 0.000010
0.999970 0.000010 0.000010 0.000010
0.000010 0.999970 0.000010 0.000010
0.674240 0.000010 0.000010 0.325740
0.506751 0.000010 0.000010 0.493229
0.458653 0.000010 0.000010 0.541327
0.986634 0.013346 0.000010 0.000010
0.879820 0.051663 0.009681 0.058836
0.676870 0.000010 0.000010 0.323110
0.999970 0.000010 0.000010 0.000010
0.693554 0.028870 0.017517 0.260059
0.736237 0.000010 0.000010 0.263743
0.660579 0.000010 0.000010 0.339401
0.257715 0.742265 0.000010 0.000010
0.807895 0.000010 0.000010 0.192085
0.000010 0.053754 0.000010 0.946226
0.032083 0.000010 0.000010 0.967897
0.000014 0.000010 0.999966 0.000010
0.034188 0.965782 0.000019 0.000010
0.000010 0.000010 0.999970 0.000010
0.268582 0.000010 0.000010 0.731398
0.781491 0.000010 0.000010 0.218489
0.000014 0.000010 0.999966 0.000010
0.000010 0.000010 0.999970 0.000010
0.003838 0.130952 0.276296 0.588914
0.038092 0.000010 0.000010 0.961888
0.000010 0.000014 0.999966 0.000010
0.350276 0.000010 0.000010 0.649704
0.012510 0.000013 0.000010 0.987467
0.288282 0.000010 0.000010 0.711698
0.679399 0.000010 0.000010 0.320581
0.000010 0.000010 0.891493 0.108487
0.000010 0.004169 0.114959 0.880861
0.000010 0.000010 0.000010 0.999970
0.000010 0.037700 0.000010 0.962280
0.000010 0.000011 0.000010 0.999969
0.000010 0.000010 0.000010 0.999970
0.000010 0.000010 0.999970 0.000010
0.000010 0.000010 0.999970 0.000010
0.000010 0.000010 0.962548 0.037432
0.000010 0.000010 0.999970 0.000010
0.000010 0.000010 0.000010 0.999970
0.000010 0.000010 0.000010 0.999970
0.000010 0.000010 0.000010 0.999970
0.000010 0.000010 0.999970 0.000010
0.000010 0.000010 0.999970 0.000010
0.000010 0.000010 0.999970 0.000010
0.024809 0.097702 0.000010 0.877479
0.000010 0.000010 0.999970 0.000010
0.000010 0.000016 0.999964 0.000010
0.000010 0.000010 0.999970 0.000010
0.000010 0.000010 0.000010 0.999970
0.000012 0.000011 0.000010 0.999967
0.000010 0.000010 0.000010 0.999970
0.000010 0.000010 0.000010 0.999970
0.000010 0.000010 0.056672 0.943308
0.000010 0.000010 0.000010 0.999970
0.640898 0.000010 0.000010 0.359082
0.476005 0.000010 0.000010 0.523975
0.897200 0.000010 0.000010 0.102780
0.913987 0.000010 0.000010 0.085993
0.999970 0.000010 0.000010 0.000010
0.329837 0.670143 0.000010 0.000010
0.324064 0.675916 0.000010 0.000010
0.884362 0.060442 0.000010 0.055186
0.832552 0.167428 0.000010 0.000010
0.999970 0.000010 0.000010 0.000010
0.836526 0.163454 0.000010 0.000010
0.809443 0.190537 0.000010 0.000010
0.938862 0.061118 0.000010 0.000010
0.926976 0.073004 0.000010 0.000010
0.566240 0.433740 0.000010 0.000010
0.564910 0.232653 0.000010 0.202428
0.546386 0.187191 0.000010 0.266413
0.487165 0.097734 0.010147 0.404954
0.928352 0.071628 0.000010 0.000010
0.999970 0.000010 0.000010 0.000010
0.391545 0.608435 0.000010 0.000010
0.999963 0.000017 0.000010 0.000010
0.999970 0.000010 0.000010 0.000010
0.284787 0.715193 0.000010 0.000010
0.000010 0.939139 0.000010 0.060841
0.000010 0.938334 0.000010 0.061646
0.000010 0.999968 0.000012 0.000010
0.000011 0.988120 0.000010 0.011859
0.247878 0.752102 0.000010 0.000010
0.569560 0.430420 0.000010 0.000010
0.523536 0.283321 0.000010 0.193132
0.738168 0.261811 0.000011 0.000010
0.515734 0.484246 0.000010 0.000010
0.313732 0.686248 0.000010 0.000010
0.365946 0.634034 0.000010 0.000010
0.263863 0.736117 0.000010 0.000010
0.000010 0.999970 0.000010 0.000010
0.000010 0.857956 0.000010 0.142024
0.051831 0.948149 0.000010 0.000010
0.144643 0.855337 0.000010 0.000010
0.414305 0.537066 0.000010 0.048619
0.086357 0.900594 0.000010 0.013039
0.033907 0.966072 0.000011 0.000010
0.000010 0.780582 0.000010 0.219398
0.485838 0.493252 0.000010 0.020900
0.171663 0.828317 0.000010 0.000010
0.000010 0.999970 0.000010 0.000010
0.119021 0.515864 0.000010 0.365105
0.664335 0.280662 0.000010 0.054993
0.999967 0.000013 0.000010 0.000010
0.664283 0.100666 0.000010 0.235041
0.000010 0.821577 0.000010 0.178403
0.089983 0.854080 0.000010 0.055927
0.000010 0.999970 0.000010 0.000010
0.252537 0.747443 0.000010 0.000010
0.000010 0.999970 0.000010 0.000010
0.000010 0.999970 0.000010 0.000010
0.000010 0.191232 0.000010 0.808748
0.781615 0.218365 0.000010 0.000010
0.999970 0.000010 0.000010 0.000010
0.641573 0.358407 0.000010 0.000010
0.789226 0.210754 0.000010 0.000010
0.202381 0.145312 0.000010 0.652297
0.678179 0.034470 0.000010 0.287341
0.000010 0.122679 0.000010 0.877301
0.503540 0.496440 0.000010 0.000010
0.000010 0.999970 0.000010 0.000010
0.132585 0.867387 0.000018 0.000010
0.000010 0.999970 0.000010 0.000010
0.035322 0.964649 0.000019 0.000010
0.000010 0.999970 0.000010 0.000010
0.178597 0.717424 0.000010 0.103968
0.999970 0.000010 0.000010 0.000010
0.091282 0.294560 0.000010 0.614148
0.603959 0.088557 0.000010 0.307473
0.530305 0.179090 0.000010 0.290595
0.623363 0.213612 0.000010 0.163015
0.000010 0.914827 0.000010 0.085153
0.562690 0.194604 0.000010 0.242696
0.000014 0.999966 0.000010 0.000010
0.000014 0.999966 0.000010 0.000010
0.934799 0.000010 0.000010 0.065181
0.076930 0.923045 0.000015 0.000010
0.628062 0.000010 0.000010 0.371918
0.000010 0.999970 0.000010 0.000010
0.637484 0.087159 0.000010 0.275348
0.586112 0.007122 0.000010 0.406756
0.423271 0.557558 0.000010 0.019162
0.672190 0.327790 0.000010 0.000010
0.740628 0.259352 0.000010 0.000010
0.808606 0.000010 0.000010 0.191374
0.890773 0.000010 0.000010 0.109207
0.459511 0.000018 0.000010 0.540461
0.273888 0.726092 0.000010 0.000010
0.459618 0.540362 0.000010 0.000010
0.389311 0.610669 0.000010 0.000010
0.112764 0.887216 0.000010 0.000010
0.741041 0.197757 0.000010 0.061191
0.667170 0.224366 0.000010 0.108454
0.431303 0.568677 0.000010 0.000010
0.020157 0.979823 0.000010 0.000010
0.548187 0.451793 0.000010 0.000010
0.921560 0.078420 0.000010 0.000010
0.266126 0.681912 0.000010 0.051952
0.000010 0.999970 0.000010 0.000010
0.000010 0.999970 0.000010 0.000010
0.779552 0.143930 0.000010 0.076509
0.503318 0.044741 0.000010 0.451931
0.257148 0.181381 0.000010 0.561461
0.455437 0.018970 0.000010 0.525583
0.805586 0.000010 0.000010 0.194394
0.737164 0.262816 0.000010 0.000010
0.000010 0.000010 0.999970 0.000010
0.773354 0.025565 0.060980 0.140101
0.615813 0.384167 0.000010 0.000010
0.688775 0.201756 0.000010 0.109459
0.999970 0.000010 0.000010 0.000010
0.000010 0.999970 0.000010 0.000010
0.287851 0.712129 0.000010 0.000010
0.571872 0.298043 0.000010 0.130075
0.254997 0.744983 0.000010 0.000010
0.000015 0.944993 0.000010 0.054982
0.000010 0.999970 0.000010 0.000010
0.000010 0.999970 0.000010 0.000010
0.000010 0.999970 0.000010 0.000010
0.170519 0.829461 0.000010 0.000010
0.596146 0.403834 0.000010 0.000010
0.280663 0.715129 0.000010 0.004198
0.673186 0.123892 0.000010 0.202912
0.891775 0.000010 0.000010 0.108205
0.058865 0.187486 0.000010 0.753639
0.444398 0.416262 0.000010 0.139330
0.273608 0.263747 0.000010 0.462635
0.000010 0.999970 0.000010 0.000010
0.942162 0.057818 0.000010 0.000010
0.306517 0.693463 0.000010 0.000010
0.892040 0.107940 0.000010 0.000010
0.887030 0.112950 0.000010 0.000010
0.163176 0.836804 0.000010 0.000010
0.999970 0.000010 0.000010 0.000010
0.679866 0.130631 0.000010 0.189493
0.067621 0.231138 0.000010 0.701231
0.562074 0.257426 0.000010 0.180491
0.000010 0.999970 0.000010 0.000010
0.587328 0.412652 0.000010 0.000010
0.000010 0.000010 0.000010 0.999970
0.184983 0.814997 0.000010 0.000010
0.805538 0.194442 0.000010 0.000010
0.705295 0.294684 0.000010 0.000010
0.000010 0.999970 0.000010 0.000010
0.941018 0.058962 0.000010 0.000010
0.999970 0.000010 0.000010 0.000010
0.999970 0.000010 0.000010 0.000010
0.732596 0.160978 0.000010 0.106416
0.999970 0.000010 0.000010 0.000010
0.999970 0.000010 0.000010 0.000010
0.142901 0.857079 0.000010 0.000010
0.610865 0.259606 0.000010 0.129519
0.510760 0.489220 0.000010 0.000010
0.162183 0.837796 0.000010 0.000010
0.527809 0.472171 0.000010 0.000010
0.000010 0.999970 0.000010 0.000010
0.000010 0.999963 0.000017 0.000010
0.762374 0.132582 0.000010 0.105034
0.471437 0.528543 0.000010 0.000010
0.173241 0.273675 0.000010 0.553073
0.054655 0.290449 0.000010 0.654886
0.503237 0.496743 0.000010 0.000010
0.460009 0.539971 0.000010 0.000010
0.974628 0.000010 0.000010 0.025352
0.593071 0.406909 0.000010 0.000010
0.174315 0.825665 0.000010 0.000010
0.000010 0.160972 0.072121 0.766897
0.553652 0.000010 0.000010 0.446328
0.420854 0.579126 0.000010 0.000010
0.384089 0.003996 0.000010 0.611905
0.093023 0.031750 0.000010 0.875218
0.375368 0.601790 0.000010 0.022833
0.360334 0.063931 0.000010 0.575725
0.117932 0.138554 0.000010 0.743504
0.171429 0.116297 0.000010 0.712264
0.000010 0.228200 0.000010 0.771780
0.296302 0.281738 0.000010 0.421950
0.920356 0.079624 0.000010 0.000010
0.413902 0.000010 0.000010 0.586078
0.353947 0.334439 0.000010 0.311604
0.293667 0.058408 0.000010 0.647915
0.553694 0.129430 0.000010 0.316866
0.713801 0.172918 0.000010 0.113270
0.935410 0.064570 0.000010 0.000010
0.885856 0.114124 0.000010 0.000010
0.326300 0.673680 0.000010 0.000010
0.528798 0.471182 0.000010 0.000010
0.000010 0.812714 0.000010 0.187266
0.352406 0.647574 0.000010 0.000010
0.944452 0.034923 0.000010 0.020616
0.954533 0.045447 0.000010 0.000010
0.668809 0.177390 0.000010 0.153792
0.353446 0.646534 0.000010 0.000010
0.638290 0.192986 0.000010 0.168714
0.505681 0.493884 0.000010 0.000425
0.177671 0.822309 0.000010 0.000010
0.745156 0.248822 0.000010 0.006012
0.625501 0.374479 0.000010 0.000010
0.946465 0.053515 0.000010 0.000010
0.618472 0.000010 0.000010 0.381508
0.277646 0.000010 0.000010 0.722334
0.544647 0.455333 0.000010 0.000010
0.602356 0.094383 0.000010 0.303251
0.306991 0.692989 0.000010 0.000010
0.829236 0.170744 0.000010 0.000010
0.999962 0.000018 0.000010 0.000010
0.999970 0.000010 0.000010 0.000010
0.999970 0.000010 0.000010 0.000010
0.999970 0.000010 0.000010 0.000010
0.592132 0.067459 0.000010 0.340399
0.701299 0.009445 0.000010 0.289246
0.739210 0.000010 0.000010 0.260770
0.814959 0.000010 0.000010 0.185021
0.822403 0.000016 0.000010 0.177572
0.783021 0.000010 0.000010 0.216959
0.703304 0.000010 0.000010 0.296676
0.827685 0.024550 0.000010 0.147755
0.999969 0.000010 0.000011 0.000010
0.455301 0.000010 0.000010 0.544679
0.999970 0.000010 0.000010 0.000010
0.857880 0.000012 0.000010 0.142098
0.837420 0.000018 0.000010 0.162552
0.882380 0.000010 0.000010 0.117600
0.855345 0.000010 0.000010 0.144635
0.853825 0.000010 0.000010 0.146155
0.575195 0.332218 0.000010 0.092576
0.723937 0.113829 0.000010 0.162223
0.999970 0.000010 0.000010 0.000010
0.984609 0.015371 0.000010 0.000010
0.306244 0.000010 0.000010 0.693736
0.722618 0.000010 0.000010 0.277362
0.614190 0.302110 0.037655 0.046045
0.000010 0.000010 0.999970 0.000010
0.707890 0.000010 0.000010 0.292090
0.840925 0.000010 0.000010 0.159055
0.007645 0.241012 0.045667 0.705677
0.229482 0.042232 0.000010 0.728276
0.003506 0.000010 0.000010 0.996474
0.015603 0.000010 0.000010 0.984377
0.968504 0.031476 0.000010 0.000010
0.427993 0.204333 0.000010 0.367664
0.446498 0.553482 0.000010 0.000010
0.978787 0.021193 0.000010 0.000010
0.000010 0.849526 0.000010 0.150454
0.712987 0.286993 0.000010 0.000010
0.262035 0.737945 0.000010 0.000010
0.000010 0.999970 0.000010 0.000010
0.000010 0.000010 0.037028 0.962952
0.000010 0.000010 0.999970 0.000010
0.203801 0.000010 0.136623 0.659567
0.000010 0.000010 0.999970 0.000010
0.969212 0.030768 0.000010 0.000010
0.894644 0.000010 0.000010 0.105336
0.741321 0.053917 0.000010 0.204751
0.868084 0.000010 0.000010 0.131896
0.584311 0.415669 0.000010 0.000010
0.000010 0.008664 0.015933 0.975394
0.627833 0.095438 0.000010 0.276720
