0.332963 0.041091 0.000010 0.000010 0.000010 0.000010 0.625895 0.000010
0.999929 0.000010 0.000010 0.000010 0.000010 0.000010 0.000011 0.000010
0.356195 0.000010 0.000010 0.000010 0.643745 0.000010 0.000010 0.000010
0.000010 0.000010 0.000010 0.000010 0.000010 0.000010 0.999930 0.000010
0.570615 0.000010 0.000010 0.000010 0.000010 0.000010 0.429325 0.000010
0.999930 0.000010 0.000010 0.000010 0.000010 0.000010 0.000010 0.000010
0.926335 0.000010 0.016842 0.000010 0.000010 0.000010 0.050730 0.006053
0.894611 0.000010 0.105329 0.000010 0.000010 0.000010 0.000010 0.000010
0.000010 0.000010 0.735422 0.000010 0.133372 0.000010 0.000010 0.131156
0.999930 0.000010 0.000010 0.000010 0.000010 0.000010 0.000010 0.000010
0.999930 0.000010 0.000010 0.000010 0.000010 0.000010 0.000010 0.000010
0.000010 0.361407 0.000010 0.000010 0.000010 0.000010 0.638533 0.000010
0.478759 0.017603 0.356194 0.014936 0.132477 0.000010 0.000010 0.000010
0.485365 0.000010 0.514575 0.000010 0.000010 0.000010 0.000010 0.000010
0.416288 0.000010 0.583652 0.000010 0.000010 0.000010 0.000010 0.000010
0.776372 0.103785 0.000010 0.000010 0.119793 0.000010 0.000010 0.000010
0.680100 0.052162 0.108212 0.000010 0.133209 0.000010 0.026287 0.000010
0.492889 0.000010 0.305201 0.077600 0.124270 0.000010 0.000010 0.000010
0.999930 0.000010 0.000010 0.000010 0.000010 0.000010 0.000010 0.000010
0.483110 0.073518 0.250622 0.000010 0.192711 0.000010 0.000010 0.000010
0.700041 0.000010 0.299899 0.000010 0.000010 0.000010 0.000010 0.000010
0.540403 0.000010 0.326723 0.132823 0.000010 0.000010 0.000010 0.000010
0.250922 0.749018 0.000010 0.000010 0.000010 0.000010 0.000010 0.000010
0.478384 0.000010 0.182287 0.226120 0.088274 0.000010 0.024905 0.000010
0.000010 0.051881 0.492594 0.000010 0.056943 0.000010 0.000010 0.398542
0.023433 0.000010 0.976507 0.000010 0.000010 0.000010 0.000010 0.000010
0.000010 0.000010 0.000010 0.000010 0.000010 0.999930 0.000010 0.000010
0.000010 0.000010 0.000010 0.000010 0.000010 0.000010 0.999930 0.000010
0.000010 0.000010 0.000010 0.000010 0.000010 0.999930 0.000010 0.000010
0.263658 0.000010 0.736282 0.000010 0.000010 0.000010 0.000010 0.000010
0.747771 0.000010 0.252169 0.000010 0.000010 0.000010 0.000010 0.000010
0.000010 0.000010 0.000010 0.000010 0.000010 0.999930 0.000010 0.000010
0.000010 0.000010 0.000010 0.000010 0.000010 0.999930 0.000010 0.000010
0.000010 0.093729 0.317531 0.024602 0.030860 0.270510 0.025965 0.236793
0.008796 0.000010 0.991144 0.000010 0.000010 0.000010 0.000010 0.000010
0.000010 0.000010 0.000010 0.000010 0.000010 0.999930 0.000010 0.000010
0.333726 0.000010 0.666214 0.000010 0.000010 0.000010 0.000010 0.000010
0.008953 0.000010 0.948833 0.000010 0.042164 0.000010 0.000010 0.000010
0.000010 0.000010 0.356804 0.643136 0.000010 0.000010 0.000010 0.000010
0.594972 0.000010 0.338482 0.066496 0.000010 0.000010 0.000010 0.000010
0.000010 0.000010 0.029542 0.000010 0.000010 0.878695 0.000010 0.091713
0.000010 0.006363 0.679264 0.000010 0.096617 0.122149 0.000010 0.095578
0.000010 0.000010 0.999924 0.000016 0.000010 0.000010 0.000010 0.000010
0.000010 0.059368 0.727641 0.000010 0.149432 0.000010 0.000010 0.063518
0.000010 0.000010 0.999930 0.000010 0.000010 0.000010 0.000010 0.000010
0.000010 0.000010 0.999930 0.000010 0.000010 0.000010 0.000010 0.000010
0.000010 0.000010 0.000010 0.000010 0.000010 0.999930 0.000010 0.000010
0.000010 0.000010 0.000010 0.000010 0.000010 0.999930 0.000010 0.000010
0.000010 0.000010 0.061176 0.000014 0.000010 0.938760 0.000010 0.000010
0.000010 0.000010 0.000010 0.000010 0.000010 0.999930 0.000010 0.000010
0.000010 0.000010 0.433957 0.000010 0.000010 0.000010 0.000010 0.565983
0.000010 0.000010 0.451501 0.000010 0.000010 0.000010 0.000010 0.548439
0.000010 0.000010 0.999930 0.000010 0.000010 0.000010 0.000010 0.000010
0.000010 0.000010 0.000010 0.000010 0.000010 0.999930 0.000010 0.000010
0.000010 0.000010 0.000010 0.000010 0.000010 0.999930 0.000010 0.000010
0.000010 0.000010 0.000010 0.000010 0.000010 0.999930 0.000010 0.000010
0.048717 0.074342 0.860289 0.000010 0.000010 0.000010 0.016612 0.000010
0.000010 0.000010 0.000010 0.000010 0.000010 0.999930 0.000010 0.000010
0.000010 0.000010 0.000010 0.000010 0.000010 0.999930 0.000010 0.000010
0.000010 0.000010 0.000010 0.000010 0.000010 0.999930 0.000010 0.000010
0.000010 0.000010 0.999930 0.000010 0.000010 0.000010 0.000010 0.000010
0.000010 0.000010 0.999930 0.000010 0.000010 0.000010 0.000010 0.000010
0.000010 0.000010 0.999930 0.000010 0.000010 0.000010 0.000010 0.000010
0.000010 0.000010 0.999926 0.000014 0.000010 0.000010 0.000010 0.000010
0.000010 0.000010 0.998665 0.000010 0.000010 0.001275 0.000010 0.000010
0.000010 0.000010 0.999930 0.000010 0.000010 0.000010 0.000010 0.000010
0.168050 0.000010 0.058711 0.505377 0.267821 0.000010 0.000010 0.000010
0.079102 0.000010 0.145078 0.720091 0.055689 0.000010 0.000010 0.000010
0.190077 0.000010 0.000015 0.809858 0.000010 0.000010 0.000010 0.000010
0.082675 0.000010 0.000010 0.917265 0.000010 0.000010 0.000010 0.000010
0.732607 0.000010 0.000010 0.267333 0.000010 0.000010 0.000010 0.000010
0.144536 0.000010 0.000010 0.000010 0.000010 0.000010 0.855404 0.000010
0.352131 0.458389 0.000010 0.000010 0.000010 0.000010 0.189430 0.000010
0.399245 0.083153 0.000010 0.000010 0.517552 0.000010 0.000010 0.000010
0.377320 0.190618 0.000010 0.000010 0.432011 0.000010 0.000010 0.000010
0.947525 0.000010 0.000010 0.000010 0.000010 0.000010 0.008111 0.044313
0.378384 0.184113 0.000010 0.000010 0.437454 0.000010 0.000010 0.000010
0.494833 0.053685 0.000010 0.000010 0.332730 0.000010 0.108930 0.009791
0.800492 0.094560 0.000010 0.003687 0.101221 0.000010 0.000010 0.000010
0.687999 0.058903 0.000010 0.000010 0.242684 0.000010 0.000010 0.010374
0.577024 0.000010 0.000010 0.000010 0.000010 0.000010 0.422916 0.000010
0.000010 0.237684 0.000010 0.287369 0.474897 0.000010 0.000010 0.000010
0.000010 0.068652 0.000010 0.000010 0.878036 0.000010 0.053262 0.000010
0.000010 0.000010 0.000010 0.000010 0.611924 0.000010 0.045303 0.342723
0.906762 0.000010 0.000010 0.000010 0.000010 0.000010 0.093178 0.000010
0.847684 0.021764 0.000010 0.000010 0.130502 0.000010 0.000010 0.000010
0.344022 0.323183 0.000010 0.000010 0.000010 0.000010 0.332745 0.000010
0.999930 0.000010 0.000010 0.000010 0.000010 0.000010 0.000010 0.000010
0.999930 0.000010 0.000010 0.000010 0.000010 0.000010 0.000010 0.000010
0.029391 0.000010 0.000010 0.000010 0.000010 0.000010 0.970549 0.000010
0.000010 0.378127 0.000010 0.000010 0.000010 0.000010 0.556580 0.065243
0.000010 0.999930 0.000010 0.000010 0.000010 0.000010 0.000010 0.000010
0.000010 0.999930 0.000010 0.000010 0.000010 0.000010 0.000010 0.000010
0.000010 0.757911 0.000010 0.000010 0.000010 0.000010 0.242029 0.000010
0.101516 0.000010 0.000010 0.000010 0.000010 0.000010 0.898424 0.000010
0.498686 0.000010 0.000010 0.000011 0.000010 0.000010 0.501253 0.000010
0.006059 0.322361 0.000010 0.024390 0.647150 0.000010 0.000010 0.000010
0.675159 0.324781 0.000010 0.000010 0.000010 0.000010 0.000010 0.000010
0.525566 0.391146 0.000010 0.000010 0.000010 0.000010 0.083238 0.000010
0.037340 0.707196 0.000010 0.000010 0.255414 0.000010 0.000010 0.000010
0.432352 0.567588 0.000010 0.000010 0.000010 0.000010 0.000010 0.000010
0.000010 0.000010 0.000010 0.000010 0.000010 0.000010 0.999930 0.000010
0.000016 0.000010 0.000010 0.000010 0.000010 0.000010 0.999924 0.000010
0.000010 0.926449 0.000010 0.000010 0.067102 0.000010 0.000010 0.006399
0.080545 0.834693 0.000010 0.000010 0.000010 0.000010 0.084712 0.000010
0.000010 0.000010 0.000010 0.000010 0.000010 0.000010 0.999930 0.000010
0.078583 0.082392 0.000010 0.142441 0.217179 0.000010 0.479375 0.000010
0.000010 0.785078 0.000010 0.005792 0.075127 0.000010 0.133963 0.000010
0.003146 0.273933 0.000010 0.000010 0.000010 0.000010 0.722871 0.000010
0.000010 0.923695 0.000010 0.000010 0.000010 0.000010 0.000010 0.076245
0.000010 0.233290 0.000010 0.541908 0.000010 0.000010 0.224753 0.000010
0.000010 0.000010 0.000010 0.168886 0.000010 0.000010 0.831054 0.000010
0.000010 0.956176 0.000010 0.000010 0.000010 0.000010 0.043764 0.000010
0.000010 0.388406 0.150572 0.000010 0.386058 0.000010 0.074923 0.000010
0.466009 0.206177 0.000010 0.000010 0.229408 0.000010 0.042410 0.055966
0.999925 0.000010 0.000010 0.000012 0.000010 0.000013 0.000010 0.000010
0.538852 0.015218 0.235694 0.122053 0.000019 0.000010 0.088143 0.000010
0.000010 0.802609 0.000010 0.000017 0.000010 0.000010 0.127761 0.069573
0.000010 0.767520 0.000010 0.000010 0.191297 0.000010 0.041132 0.000010
0.000010 0.847644 0.000010 0.000010 0.000010 0.000010 0.152296 0.000010
0.229630 0.000010 0.000010 0.000010 0.000010 0.000010 0.694769 0.075552
0.000010 0.999930 0.000010 0.000010 0.000010 0.000010 0.000010 0.000010
0.000010 0.000010 0.000010 0.000010 0.000010 0.000010 0.999930 0.000010
0.000010 0.000010 0.000010 0.000010 0.000010 0.000010 0.000010 0.999930
0.661979 0.204472 0.000010 0.000014 0.133494 0.000010 0.000010 0.000010
0.999930 0.000010 0.000010 0.000010 0.000010 0.000010 0.000010 0.000010
0.692816 0.294737 0.000010 0.000010 0.000010 0.000010 0.012396 0.000010
0.722815 0.052412 0.000010 0.078633 0.000010 0.000010 0.146100 0.000010
0.000010 0.000010 0.000010 0.000010 0.389193 0.000010 0.000010 0.610747
0.000010 0.000010 0.000010 0.000010 0.999930 0.000010 0.000010 0.000010
0.000010 0.000010 0.000010 0.000010 0.000010 0.000010 0.000010 0.999930
0.573534 0.415060 0.000010 0.000010 0.000010 0.000010 0.011356 0.000010
0.000010 0.000010 0.000010 0.000010 0.000010 0.000010 0.999930 0.000010
0.121165 0.000010 0.000010 0.000010 0.000010 0.000010 0.878775 0.000010
0.000010 0.999930 0.000010 0.000010 0.000010 0.000010 0.000010 0.000010
0.072138 0.250449 0.000010 0.000010 0.000010 0.000010 0.677363 0.000010
0.000010 0.107821 0.000010 0.000010 0.000010 0.000010 0.892119 0.000010
0.105416 0.695227 0.031683 0.134272 0.000010 0.000010 0.033371 0.000010
0.719363 0.000010 0.000010 0.000010 0.280577 0.000010 0.000010 0.000010
0.000010 0.147044 0.000010 0.027992 0.388966 0.000010 0.020170 0.415799
0.000010 0.000010 0.000017 0.999923 0.000010 0.000010 0.000010 0.000010
0.000010 0.151812 0.000010 0.000010 0.740241 0.000010 0.000010 0.107897
0.000010 0.136472 0.000010 0.657134 0.149130 0.000010 0.041085 0.016149
0.000010 0.102779 0.000010 0.030562 0.102029 0.000010 0.764590 0.000010
0.000010 0.069439 0.000010 0.887613 0.000010 0.000010 0.042897 0.000010
0.000010 0.999930 0.000010 0.000010 0.000010 0.000010 0.000010 0.000010
0.000010 0.999930 0.000010 0.000010 0.000010 0.000010 0.000010 0.000010
0.569278 0.000010 0.000010 0.171721 0.258951 0.000010 0.000010 0.000010
0.096312 0.415686 0.000010 0.000010 0.000010 0.000010 0.487952 0.000010
0.277939 0.000010 0.065818 0.000010 0.513934 0.000010 0.000010 0.142269
0.000010 0.174445 0.000010 0.000019 0.000010 0.000010 0.825486 0.000010
0.000010 0.000010 0.000010 0.999925 0.000010 0.000015 0.000010 0.000010
0.000498 0.035622 0.069076 0.292595 0.602179 0.000010 0.000010 0.000010
0.239943 0.464692 0.000010 0.254016 0.000012 0.000010 0.014172 0.027145
0.547910 0.013343 0.000010 0.000010 0.058340 0.000010 0.380366 0.000010
0.714939 0.261111 0.000010 0.000010 0.000010 0.000010 0.000010 0.023900
0.788703 0.000010 0.211232 0.000010 0.000010 0.000010 0.000014 0.000010
0.615554 0.000010 0.085541 0.000010 0.298855 0.000010 0.000010 0.000010
0.206569 0.000010 0.334498 0.458883 0.000010 0.000010 0.000010 0.000010
0.290793 0.361479 0.000010 0.000010 0.000010 0.000010 0.347678 0.000010
0.371852 0.000010 0.000010 0.000010 0.000010 0.000010 0.628088 0.000010
0.447273 0.552667 0.000010 0.000010 0.000010 0.000010 0.000010 0.000010
0.076762 0.099721 0.000010 0.010859 0.000010 0.000010 0.812618 0.000010
0.111358 0.000010 0.000010 0.000010 0.626833 0.000010 0.261760 0.000010
0.055665 0.000010 0.000010 0.000010 0.681191 0.000010 0.263094 0.000010
0.484363 0.404094 0.000010 0.000010 0.000010 0.000010 0.099741 0.011762
0.000010 0.999924 0.000010 0.000010 0.000010 0.000010 0.000016 0.000010
0.452755 0.356989 0.000010 0.094048 0.000012 0.000013 0.096163 0.000010
0.774893 0.000010 0.000010 0.213863 0.000010 0.000010 0.011194 0.000010
0.181473 0.483154 0.034249 0.000010 0.035124 0.000010 0.235060 0.030920
0.000010 0.974887 0.000010 0.000010 0.000010 0.000010 0.025053 0.000010
0.000010 0.408149 0.000010 0.000010 0.000010 0.000010 0.591791 0.000010
0.274224 0.145230 0.000019 0.109008 0.471488 0.000013 0.000010 0.000010
0.000010 0.006067 0.000010 0.021957 0.845271 0.000010 0.000010 0.126664
0.000010 0.181084 0.000010 0.000010 0.678130 0.000010 0.000010 0.140736
0.000010 0.000010 0.000010 0.000010 0.879440 0.000010 0.000010 0.120500
0.270433 0.000010 0.000010 0.039480 0.685151 0.000010 0.004895 0.000010
0.748526 0.246611 0.000013 0.000014 0.000010 0.000010 0.004807 0.000010
0.000010 0.000010 0.000010 0.000010 0.000010 0.999930 0.000010 0.000010
0.162822 0.000010 0.000010 0.000010 0.678399 0.054875 0.103863 0.000010
0.669180 0.330760 0.000010 0.000010 0.000010 0.000010 0.000010 0.000010
0.371114 0.176308 0.000010 0.000010 0.439590 0.000010 0.012948 0.000010
0.999930 0.000010 0.000010 0.000010 0.000010 0.000010 0.000010 0.000010
0.000010 0.999930 0.000010 0.000010 0.000010 0.000010 0.000010 0.000010
0.323173 0.649758 0.000010 0.000010 0.000010 0.000010 0.000919 0.026109
0.152939 0.258734 0.000010 0.588277 0.000010 0.000010 0.000010 0.000010
0.148180 0.000010 0.000010 0.000010 0.000010 0.000010 0.851760 0.000010
0.000010 0.931449 0.000010 0.000010 0.000016 0.000010 0.068485 0.000010
0.000010 0.000010 0.000010 0.000010 0.000010 0.000010 0.999930 0.000010
0.000010 0.789521 0.000010 0.000010 0.000010 0.000010 0.210419 0.000010
0.000010 0.000010 0.000010 0.000010 0.000010 0.000010 0.999930 0.000010
0.107489 0.088090 0.000010 0.000010 0.000010 0.000010 0.804371 0.000010
0.533115 0.027169 0.000010 0.000010 0.000010 0.000010 0.439666 0.000010
0.262720 0.737220 0.000010 0.000010 0.000010 0.000010 0.000010 0.000010
0.000010 0.038493 0.000010 0.843792 0.117664 0.000010 0.000010 0.000010
0.193016 0.000010 0.000010 0.000010 0.806924 0.000010 0.000010 0.000010
0.083747 0.022923 0.000010 0.000015 0.000010 0.000010 0.000010 0.893276
0.183242 0.357287 0.038912 0.000010 0.189181 0.000010 0.056441 0.174916
0.152191 0.094904 0.000010 0.000010 0.000010 0.000010 0.015009 0.737856
0.000010 0.999930 0.000010 0.000010 0.000010 0.000010 0.000010 0.000010
0.378702 0.000010 0.000010 0.454779 0.166469 0.000010 0.000010 0.000010
0.233633 0.422308 0.000010 0.000010 0.067668 0.000010 0.276350 0.000010
0.698682 0.109156 0.000010 0.192112 0.000010 0.000010 0.000010 0.000010
0.291009 0.000013 0.000010 0.000010 0.708928 0.000010 0.000010 0.000010
0.000010 0.000010 0.000010 0.000010 0.000010 0.000010 0.999930 0.000010
0.527389 0.000010 0.000010 0.000010 0.472551 0.000010 0.000010 0.000010
0.241435 0.036762 0.000010 0.021260 0.493782 0.000010 0.053911 0.152831
0.000010 0.000010 0.195504 0.766501 0.000010 0.000010 0.037946 0.000010
0.000010 0.000010 0.000010 0.999930 0.000010 0.000010 0.000010 0.000010
0.000010 0.504803 0.000010 0.000010 0.000010 0.000010 0.495137 0.000010
0.419440 0.242892 0.000010 0.221178 0.000010 0.000010 0.116450 0.000010
0.000010 0.000010 0.593086 0.406854 0.000010 0.000010 0.000010 0.000010
0.179216 0.318377 0.000010 0.000010 0.000010 0.000010 0.502357 0.000010
0.694860 0.140560 0.000010 0.000010 0.092443 0.000010 0.070992 0.001115
0.698381 0.301559 0.000010 0.000010 0.000010 0.000010 0.000010 0.000010
0.000010 0.624664 0.000010 0.000010 0.000010 0.000010 0.375276 0.000010
0.914908 0.047282 0.000010 0.000010 0.000010 0.000010 0.000010 0.037760
0.791529 0.000010 0.000010 0.208411 0.000010 0.000010 0.000010 0.000010
0.747913 0.000010 0.000010 0.252027 0.000010 0.000010 0.000010 0.000010
0.034752 0.000010 0.000010 0.965188 0.000010 0.000010 0.000010 0.000010
0.543836 0.000010 0.000010 0.456104 0.000010 0.000010 0.000010 0.000010
0.834163 0.000010 0.000010 0.000010 0.165777 0.000010 0.000010 0.000010
0.197833 0.742493 0.000010 0.000010 0.000010 0.000010 0.059625 0.000010
0.000010 0.000010 0.000010 0.992851 0.000010 0.000010 0.007089 0.000010
0.533161 0.313666 0.000010 0.000010 0.000010 0.000010 0.153123 0.000010
0.000018 0.000010 0.000010 0.000010 0.000010 0.000010 0.999922 0.000010
0.303341 0.366989 0.000010 0.000010 0.216356 0.000010 0.113275 0.000010
0.000010 0.562663 0.000010 0.000010 0.000010 0.000010 0.437277 0.000010
0.000010 0.083930 0.000010 0.000010 0.000010 0.000010 0.916010 0.000010
0.469829 0.089642 0.000010 0.000010 0.353722 0.000010 0.038493 0.048284
0.421151 0.426990 0.000010 0.000014 0.077274 0.000010 0.074541 0.000010
0.000010 0.000010 0.000010 0.000010 0.283909 0.000010 0.183934 0.532107
0.000010 0.151490 0.000010 0.000010 0.274864 0.000010 0.000010 0.573596
0.350307 0.000010 0.000010 0.000010 0.000010 0.000010 0.649633 0.000010
0.453185 0.340767 0.000010 0.000010 0.000010 0.000010 0.205999 0.000010
0.931375 0.002320 0.025389 0.000010 0.040831 0.000010 0.000054 0.000010
0.081203 0.457976 0.000010 0.000010 0.460771 0.000010 0.000010 0.000010
0.147840 0.494782 0.000010 0.000010 0.000010 0.000010 0.357328 0.000010
0.000010 0.000010 0.000010 0.000010 0.000010 0.000010 0.078042 0.921898
0.000010 0.000010 0.000010 0.000010 0.892245 0.000010 0.000010 0.107695
0.404769 0.213244 0.000010 0.000010 0.000010 0.000010 0.381937 0.000010
0.049105 0.000010 0.000010 0.000010 0.000010 0.000010 0.000010 0.950835
0.000010 0.000010 0.000010 0.000010 0.000011 0.000010 0.000010 0.999929
0.205307 0.438751 0.000010 0.000010 0.000010 0.000010 0.114155 0.241747
0.207316 0.000010 0.000010 0.000010 0.000010 0.000010 0.000010 0.792624
0.000010 0.000010 0.000010 0.000010 0.000010 0.000010 0.000010 0.999930
0.000010 0.000010 0.000010 0.000010 0.000010 0.000010 0.000010 0.999930
0.000010 0.000010 0.000010 0.000010 0.000010 0.000010 0.000010 0.999930
0.000010 0.000010 0.000010 0.000010 0.649434 0.000010 0.223858 0.126658
0.514964 0.000010 0.000010 0.000010 0.484976 0.000010 0.000010 0.000010
0.013912 0.000010 0.354379 0.097821 0.533847 0.000010 0.000010 0.000010
0.000010 0.314676 0.000010 0.000010 0.685264 0.000010 0.000010 0.000010
0.000010 0.000010 0.000010 0.000010 0.000010 0.000010 0.000010 0.999930
0.123676 0.105122 0.000010 0.000010 0.510409 0.000010 0.000010 0.260752
0.138519 0.000010 0.000010 0.000010 0.709943 0.000010 0.136263 0.015235
0.525296 0.000010 0.000010 0.000010 0.439041 0.000010 0.035613 0.000010
0.517450 0.050667 0.000010 0.000010 0.431833 0.000010 0.000010 0.000010
0.382288 0.617652 0.000010 0.000010 0.000010 0.000010 0.000010 0.000010
0.444586 0.447204 0.000010 0.000010 0.108159 0.000010 0.000010 0.000010
0.000010 0.982331 0.000010 0.000010 0.000010 0.000014 0.000010 0.017606
0.352503 0.544938 0.000010 0.000010 0.000010 0.000010 0.102510 0.000010
0.258213 0.000010 0.000010 0.000010 0.741727 0.000010 0.000010 0.000010
0.238135 0.000010 0.000010 0.000010 0.761805 0.000010 0.000010 0.000010
0.078546 0.240622 0.000010 0.000010 0.680781 0.000010 0.000010 0.000010
0.363594 0.445501 0.000010 0.000010 0.000010 0.000010 0.163125 0.027740
0.608018 0.191551 0.106876 0.000010 0.000010 0.000010 0.000010 0.093515
0.312480 0.467699 0.000010 0.029643 0.129593 0.000010 0.000010 0.060553
0.170063 0.829877 0.000010 0.000010 0.000010 0.000010 0.000010 0.000010
0.400618 0.249841 0.000010 0.013200 0.322080 0.000010 0.014232 0.000010
0.608327 0.323288 0.000010 0.000010 0.000010 0.000010 0.068335 0.000010
0.875461 0.000010 0.000017 0.000010 0.000010 0.000010 0.124473 0.000010
0.582889 0.000010 0.417051 0.000010 0.000010 0.000010 0.000010 0.000010
0.259925 0.000010 0.740015 0.000010 0.000010 0.000010 0.000010 0.000010
0.533124 0.000010 0.000010 0.000010 0.000010 0.000010 0.466816 0.000010
0.000010 0.017322 0.000010 0.473937 0.493344 0.000010 0.015357 0.000010
0.234763 0.000010 0.000010 0.000010 0.000010 0.000010 0.724991 0.040196
0.456905 0.020229 0.000010 0.000010 0.368270 0.000010 0.154556 0.000010
0.999930 0.000010 0.000010 0.000010 0.000010 0.000010 0.000010 0.000010
0.700065 0.000010 0.000010 0.000010 0.299875 0.000010 0.000010 0.000010
0.828249 0.045737 0.000010 0.000010 0.125963 0.000010 0.000010 0.000010
0.607338 0.000010 0.000010 0.000010 0.392602 0.000010 0.000010 0.000010
0.074909 0.121417 0.017304 0.000010 0.786331 0.000010 0.000010 0.000010
0.192115 0.060204 0.000010 0.000010 0.747631 0.000010 0.000010 0.000010
0.000010 0.000010 0.000010 0.000010 0.999930 0.000010 0.000010 0.000010
0.167744 0.000010 0.000010 0.000010 0.832196 0.000010 0.000010 0.000010
0.262335 0.000010 0.000010 0.000010 0.715113 0.000010 0.022501 0.000010
0.123722 0.000010 0.000010 0.000010 0.876218 0.000010 0.000010 0.000010
0.277249 0.000010 0.028768 0.043366 0.650577 0.000010 0.000010 0.000010
0.513562 0.000010 0.049052 0.000010 0.426850 0.000010 0.010496 0.000010
0.857574 0.000010 0.000010 0.000010 0.142366 0.000010 0.000010 0.000010
0.000010 0.000010 0.139734 0.017106 0.843110 0.000010 0.000010 0.000010
0.679784 0.000010 0.000010 0.000010 0.320156 0.000010 0.000010 0.000010
0.307105 0.000010 0.000010 0.000010 0.692835 0.000010 0.000010 0.000010
0.287499 0.000010 0.000010 0.000010 0.712441 0.000010 0.000010 0.000010
0.199903 0.000010 0.000010 0.000010 0.800037 0.000010 0.000010 0.000010
0.204045 0.000010 0.000010 0.000010 0.795895 0.000010 0.000010 0.000010
0.181761 0.000010 0.000010 0.000010 0.818179 0.000010 0.000010 0.000010
0.139419 0.379399 0.000010 0.000010 0.481132 0.000010 0.000010 0.000010
0.000010 0.090881 0.000010 0.000010 0.909059 0.000010 0.000010 0.000010
0.773108 0.000010 0.000010 0.000010 0.226832 0.000010 0.000010 0.000010
0.730315 0.042784 0.000010 0.000010 0.226851 0.000010 0.000010 0.000010
0.243250 0.000010 0.696168 0.060532 0.000010 0.000010 0.000010 0.000010
0.702463 0.000010 0.297477 0.000010 0.000010 0.000010 0.000010 0.000010
0.277219 0.230705 0.000010 0.000010 0.351809 0.028901 0.065302 0.046045
0.000010 0.000010 0.000010 0.000010 0.000010 0.999930 0.000010 0.000010
0.275467 0.000010 0.000010 0.724473 0.000010 0.000010 0.000010 0.000010
0.793640 0.000010 0.206300 0.000010 0.000010 0.000010 0.000010 0.000010
0.000010 0.029164 0.381269 0.169917 0.000010 0.010153 0.090163 0.319313
0.153711 0.007441 0.703856 0.000010 0.060442 0.000010 0.074520 0.000010
0.000010 0.000010 0.914008 0.000010 0.085932 0.000010 0.000010 0.000010
0.003393 0.000010 0.996547 0.000010 0.000010 0.000010 0.000010 0.000010
0.894439 0.000010 0.000010 0.000010 0.000010 0.000010 0.105501 0.000010
0.000010 0.039737 0.000010 0.522050 0.245575 0.000010 0.000010 0.192598
0.328022 0.066581 0.000010 0.101415 0.000010 0.000010 0.399824 0.104126
0.503884 0.000010 0.000010 0.496056 0.000010 0.000010 0.000010 0.000010
0.000010 0.575521 0.000010 0.000010 0.102944 0.000010 0.321485 0.000010
0.202954 0.297208 0.000010 0.000010 0.499786 0.000010 0.000013 0.000010
0.265325 0.293340 0.000010 0.000010 0.000010 0.000010 0.441285 0.000010
0.000010 0.087014 0.000010 0.000010 0.000010 0.000010 0.912926 0.000010
0.000010 0.000010 0.999930 0.000010 0.000010 0.000010 0.000010 0.000010
0.000010 0.000010 0.000010 0.000010 0.000010 0.999930 0.000010 0.000010
0.095721 0.000010 0.758899 0.072504 0.000010 0.072836 0.000010 0.000010
0.000010 0.000010 0.000010 0.000010 0.000010 0.950183 0.000010 0.049757
0.905244 0.000010 0.000010 0.000010 0.000010 0.000010 0.094696 0.000010
0.317738 0.000010 0.000010 0.000010 0.682202 0.000010 0.000010 0.000010
0.094511 0.000010 0.000010 0.000010 0.844124 0.000010 0.061314 0.000010
0.799458 0.000010 0.158204 0.000010 0.000010 0.000010 0.042289 0.000010
0.578781 0.069634 0.000010 0.000010 0.000010 0.000010 0.351534 0.000010
0.000010 0.000010 0.875745 0.000010 0.000010 0.000254 0.030210 0.093751
0.380001 0.082744 0.184539 0.100278 0.209529 0.000010 0.042888 0.000010
