0.000010 0.388384 0.000010 0.000010 0.611586
0.000010 0.999960 0.000010 0.000010 0.000010
0.356434 0.623062 0.000010 0.020484 0.000010
0.000010 0.000010 0.000010 0.000010 0.999960
0.000010 0.706532 0.000010 0.000010 0.293438
0.000010 0.966834 0.000010 0.033136 0.000010
0.018206 0.938715 0.009086 0.000010 0.033984
0.000010 0.866201 0.000010 0.133769 0.000010
0.232596 0.000010 0.000010 0.767374 0.000010
0.000010 0.948798 0.000010 0.051172 0.000010
0.000010 0.999960 0.000010 0.000010 0.000010
0.000010 0.000010 0.000010 0.000010 0.999960
0.000010 0.602546 0.000010 0.382401 0.015033
0.000017 0.465843 0.000010 0.534120 0.000010
0.000020 0.388494 0.000010 0.611467 0.000010
0.088631 0.884876 0.000010 0.000010 0.026472
0.074630 0.750620 0.000262 0.121195 0.053292
0.063935 0.599477 0.000010 0.336568 0.000010
0.000010 0.999960 0.000010 0.000010 0.000010
0.134618 0.577259 0.000010 0.262423 0.025691
0.000018 0.684959 0.000010 0.315003 0.000010
0.000015 0.601617 0.000010 0.398347 0.000010
0.105159 0.248070 0.000010 0.000010 0.646751
0.021911 0.718283 0.000010 0.259786 0.000010
0.273980 0.000010 0.000010 0.696027 0.029973
0.000010 0.005893 0.000010 0.994077 0.000010
0.000018 0.000010 0.999952 0.000010 0.000010
0.000010 0.097068 0.000015 0.000010 0.902897
0.000019 0.000010 0.999951 0.000010 0.000010
0.000010 0.245646 0.000010 0.754324 0.000010
0.000010 0.710650 0.000010 0.289320 0.000010
0.000010 0.000010 0.999960 0.000010 0.000010
0.000010 0.000010 0.999960 0.000010 0.000010
0.182877 0.000010 0.289598 0.414619 0.112895
0.000010 0.004945 0.000010 0.995025 0.000010
0.000011 0.000010 0.999959 0.000010 0.000010
0.000010 0.316843 0.000010 0.683127 0.000010
0.000010 0.016877 0.000010 0.983093 0.000010
0.000010 0.263612 0.000010 0.736358 0.000010
0.000010 0.638412 0.000010 0.361558 0.000010
0.021172 0.000010 0.898534 0.080274 0.000010
0.162219 0.000010 0.126359 0.707665 0.003748
0.000010 0.000010 0.000010 0.999960 0.000010
0.182031 0.000010 0.000010 0.787384 0.030565
0.000010 0.000010 0.000010 0.999960 0.000010
0.000010 0.000010 0.000010 0.999960 0.000010
0.000010 0.000010 0.999960 0.000010 0.000010
0.000010 0.000010 0.999960 0.000010 0.000010
0.000010 0.000010 0.940449 0.059521 0.000010
0.000017 0.000014 0.999948 0.000010 0.000010
0.162358 0.000010 0.000010 0.837612 0.000010
0.168957 0.000010 0.000010 0.831013 0.000010
0.000010 0.000010 0.000010 0.999960 0.000010
0.000012 0.000010 0.999958 0.000010 0.000010
0.000010 0.000010 0.999960 0.000010 0.000010
0.000010 0.000010 0.999960 0.000010 0.000010
0.000010 0.026423 0.000010 0.873569 0.099988
0.000011 0.000010 0.999959 0.000010 0.000010
0.000015 0.000010 0.999955 0.000010 0.000010
0.000010 0.000010 0.999960 0.000010 0.000010
0.000010 0.000010 0.000010 0.999960 0.000010
0.000010 0.000010 0.000010 0.999960 0.000010
0.000010 0.000016 0.000010 0.999954 0.000010
0.000010 0.000019 0.000010 0.999951 0.000010
0.000010 0.000010 0.046858 0.953112 0.000010
0.000010 0.000010 0.000010 0.999960 0.000010
0.137597 0.549526 0.000010 0.312858 0.000010
0.028450 0.448834 0.000010 0.522696 0.000010
0.000012 0.825729 0.000010 0.174239 0.000010
0.000010 0.838377 0.000010 0.161593 0.000010
0.000010 0.999960 0.000010 0.000010 0.000010
0.000010 0.371554 0.000010 0.000010 0.628416
0.068071 0.353171 0.000010 0.000010 0.578738
0.294742 0.693305 0.000010 0.000010 0.011933
0.239251 0.647469 0.000010 0.000010 0.113260
0.037733 0.962235 0.000012 0.000010 0.000010
0.238903 0.650855 0.000010 0.000010 0.110222
0.207460 0.667619 0.000014 0.000010 0.124897
0.000010 0.965865 0.000010 0.000010 0.034105
0.162196 0.837774 0.000010 0.000010 0.000010
0.000010 0.637537 0.000010 0.000010 0.362433
0.486448 0.437731 0.000010 0.000010 0.075800
0.624596 0.291063 0.000010 0.000010 0.084321
0.804188 0.195782 0.000010 0.000010 0.000010
0.000010 0.950691 0.000010 0.000010 0.049279
0.028409 0.953669 0.000010 0.000010 0.017902
0.000010 0.414438 0.000010 0.000010 0.585532
0.000010 0.999960 0.000010 0.000010 0.000010
0.000010 0.999960 0.000010 0.000010 0.000010
0.000010 0.342366 0.000010 0.000010 0.657604
0.135049 0.000010 0.000010 0.000010 0.864921
0.217245 0.000010 0.000010 0.000010 0.782725
0.000010 0.000010 0.000010 0.000010 0.999960
0.113378 0.000010 0.000010 0.000010 0.886591
0.000010 0.300135 0.000010 0.000010 0.699835
0.000010 0.626167 0.000010 0.000010 0.373803
0.465052 0.318802 0.000011 0.000010 0.216125
0.000010 0.741119 0.000010 0.000010 0.258851
0.000010 0.533737 0.000010 0.000010 0.466233
0.318097 0.066169 0.000010 0.000010 0.615714
0.000010 0.410007 0.000010 0.000010 0.589963
0.000010 0.294232 0.000010 0.000010 0.705738
0.000010 0.000010 0.000010 0.000010 0.999960
0.304202 0.000011 0.000010 0.000010 0.695767
0.000010 0.080184 0.000010 0.000010 0.919786
0.000015 0.187835 0.000010 0.000010 0.812130
0.153299 0.342279 0.000010 0.000010 0.504402
0.199851 0.041209 0.000010 0.000010 0.758920
0.000010 0.043620 0.000010 0.000010 0.956350
0.416029 0.000010 0.000010 0.000010 0.583941
0.000010 0.442400 0.000010 0.064269 0.493312
0.000010 0.196820 0.000010 0.000010 0.803150
0.000010 0.000010 0.000010 0.000010 0.999960
0.423856 0.000020 0.000010 0.146535 0.429579
0.250791 0.602074 0.000010 0.000010 0.147114
0.000010 0.999960 0.000010 0.000010 0.000010
0.000010 0.593329 0.000010 0.292914 0.113737
0.331361 0.000010 0.000010 0.000010 0.668609
0.333560 0.000010 0.000010 0.000010 0.666410
0.000010 0.000010 0.000010 0.000010 0.999960
0.000010 0.278427 0.000010 0.000010 0.721543
0.000010 0.000010 0.000010 0.000010 0.999960
0.000010 0.000010 0.000010 0.000010 0.999960
0.999956 0.000010 0.000014 0.000010 0.000010
0.097507 0.733882 0.000010 0.000010 0.168591
0.000010 0.999960 0.000010 0.000010 0.000010
0.000010 0.659721 0.000010 0.000010 0.340249
0.000010 0.805090 0.000010 0.000010 0.194880
0.999960 0.000010 0.000010 0.000010 0.000010
0.788582 0.211388 0.000010 0.000010 0.000010
0.999960 0.000010 0.000010 0.000010 0.000010
0.000010 0.551032 0.000010 0.000010 0.448938
0.000010 0.000010 0.000010 0.000010 0.999960
0.000010 0.160005 0.000010 0.000010 0.839965
0.000010 0.000010 0.000010 0.000010 0.999960
0.000011 0.097209 0.000010 0.000010 0.902760
0.000010 0.029536 0.000010 0.000010 0.970434
0.000010 0.207672 0.000010 0.090494 0.701815
0.087062 0.912908 0.000010 0.000010 0.000010
0.849194 0.000010 0.000010 0.000010 0.150776
0.000017 0.583226 0.000010 0.336190 0.080557
0.744086 0.255884 0.000010 0.000010 0.000010
0.216293 0.546556 0.000010 0.081168 0.155973
0.068972 0.000010 0.000010 0.036780 0.894228
0.000010 0.554219 0.000010 0.248618 0.197143
0.000010 0.000010 0.000010 0.000010 0.999960
0.000010 0.000010 0.000010 0.000010 0.999960
0.161086 0.813367 0.000010 0.025527 0.000010
0.000010 0.112920 0.000010 0.000010 0.887050
0.436790 0.482264 0.000010 0.080926 0.000010
0.000010 0.000010 0.000010 0.000010 0.999960
0.000010 0.628766 0.000010 0.271803 0.099411
0.301367 0.433258 0.000010 0.265355 0.000010
0.117937 0.382516 0.000010 0.000010 0.499527
0.000010 0.680142 0.000010 0.000010 0.319828
0.068343 0.722326 0.000010 0.000010 0.209311
0.000010 0.749072 0.000010 0.250898 0.000010
0.101154 0.781920 0.000012 0.116905 0.000010
0.000010 0.438086 0.000010 0.561884 0.000010
0.000010 0.331021 0.000010 0.000010 0.668949
0.000010 0.522250 0.000010 0.000010 0.477720
0.000010 0.431718 0.000010 0.000010 0.568252
0.000010 0.124622 0.000010 0.000010 0.875348
0.307397 0.503699 0.000010 0.000010 0.188884
0.371409 0.431635 0.000010 0.000010 0.196937
0.009305 0.476164 0.000010 0.000010 0.514511
0.129320 0.000010 0.000010 0.000010 0.870650
0.000017 0.569885 0.000010 0.000010 0.430078
0.000017 0.947320 0.000010 0.000010 0.052643
0.136180 0.208382 0.000010 0.026469 0.628959
0.139142 0.000010 0.000010 0.000010 0.860828
0.000010 0.000010 0.000010 0.000010 0.999960
0.299647 0.595726 0.000010 0.000010 0.104607
0.761339 0.238631 0.000010 0.000010 0.000010
0.999951 0.000019 0.000010 0.000010 0.000010
0.853042 0.146928 0.000010 0.000010 0.000010
0.262165 0.673852 0.000010 0.063963 0.000010
0.000015 0.739706 0.000010 0.000010 0.260260
0.000010 0.000010 0.999960 0.000010 0.000010
0.341719 0.596470 0.061165 0.000636 0.000010
0.000010 0.620307 0.000010 0.000010 0.379663
0.286121 0.552657 0.000010 0.000010 0.161201
0.000010 0.999960 0.000010 0.000010 0.000010
0.000016 0.000010 0.000010 0.000010 0.999954
0.053245 0.288768 0.000012 0.000010 0.657965
0.089153 0.528461 0.000010 0.114265 0.268111
0.000010 0.304946 0.000010 0.000010 0.695024
0.158989 0.000010 0.000010 0.000010 0.840981
0.000010 0.000010 0.000010 0.000010 0.999960
0.000010 0.000010 0.000010 0.000010 0.999960
0.000010 0.000010 0.000010 0.000010 0.999960
0.000010 0.211032 0.000010 0.000010 0.788938
0.000010 0.624516 0.000010 0.000010 0.375454
0.132173 0.232095 0.000010 0.000010 0.635713
0.126275 0.614556 0.000010 0.166138 0.093022
0.401625 0.598345 0.000010 0.000010 0.000010
0.976090 0.019321 0.000010 0.000010 0.004569
0.440522 0.191878 0.000010 0.033232 0.334358
0.839093 0.043557 0.000010 0.000010 0.117329
0.000010 0.000010 0.000010 0.000010 0.999960
0.040387 0.885053 0.000010 0.031358 0.043192
0.044383 0.284457 0.000010 0.000010 0.671140
0.000010 0.860736 0.000010 0.027884 0.111360
0.413711 0.586259 0.000010 0.000010 0.000010
0.000016 0.235595 0.000010 0.000010 0.764369
0.188388 0.811582 0.000010 0.000010 0.000010
0.480619 0.509943 0.000010 0.000010 0.009418
0.000010 0.019506 0.000010 0.716205 0.264269
0.000010 0.524736 0.000010 0.205915 0.269329
0.000010 0.012815 0.000010 0.000010 0.987155
0.000014 0.624525 0.000010 0.000010 0.375441
0.000010 0.000010 0.000010 0.999960 0.000010
0.000010 0.196501 0.000010 0.000010 0.803469
0.070584 0.775428 0.000010 0.000010 0.153968
0.000010 0.722109 0.000011 0.000010 0.277860
0.000010 0.000010 0.000010 0.000010 0.999960
0.066954 0.933016 0.000010 0.000010 0.000010
0.000010 0.999960 0.000010 0.000010 0.000010
0.000010 0.999960 0.000010 0.000010 0.000010
0.000010 0.675063 0.000010 0.168285 0.156632
0.000010 0.971430 0.000010 0.028540 0.000010
0.052868 0.947102 0.000010 0.000010 0.000010
0.055876 0.181737 0.000010 0.000010 0.762367
0.000010 0.535929 0.000010 0.208302 0.255749
0.036705 0.552645 0.000015 0.000010 0.410626
0.000011 0.234309 0.000010 0.000010 0.765660
0.186277 0.425791 0.000010 0.000010 0.387911
0.000010 0.004525 0.000010 0.000010 0.995445
0.000010 0.000012 0.000010 0.000010 0.999958
0.284233 0.643278 0.000010 0.000010 0.072469
0.081287 0.423310 0.000010 0.000010 0.495383
0.744986 0.013559 0.000010 0.018109 0.223335
0.878157 0.000010 0.000010 0.000010 0.121813
0.000013 0.557494 0.000010 0.000010 0.442474
0.000012 0.472858 0.000010 0.000010 0.527110
0.015097 0.962021 0.000010 0.022862 0.000010
0.447494 0.288275 0.000010 0.000010 0.264212
0.053938 0.123473 0.000010 0.000010 0.822569
0.817161 0.000010 0.103887 0.000010 0.078932
0.784063 0.215907 0.000010 0.000010 0.000010
0.000010 0.452940 0.000010 0.000010 0.547030
0.999954 0.000016 0.000010 0.000010 0.000010
0.999960 0.000010 0.000010 0.000010 0.000010
0.403793 0.100984 0.000010 0.000010 0.495203
0.862665 0.137305 0.000010 0.000010 0.000010
0.999960 0.000010 0.000010 0.000010 0.000010
0.999960 0.000010 0.000010 0.000010 0.000010
0.996313 0.000010 0.000010 0.000010 0.003657
0.670454 0.096300 0.000010 0.000010 0.233226
0.243941 0.756029 0.000010 0.000010 0.000010
0.296082 0.284504 0.000010 0.419393 0.000010
0.759240 0.023174 0.000010 0.000010 0.217566
0.999960 0.000010 0.000010 0.000010 0.000010
0.717107 0.282863 0.000010 0.000010 0.000010
0.469299 0.444127 0.000010 0.000010 0.086554
0.278164 0.721806 0.000010 0.000010 0.000010
0.296151 0.703819 0.000010 0.000010 0.000010
0.000010 0.372000 0.000010 0.000010 0.627970
0.000010 0.543887 0.000010 0.000010 0.456083
0.313440 0.000010 0.000010 0.000010 0.686530
0.000010 0.381606 0.000010 0.000010 0.618364
0.448917 0.551050 0.000013 0.000010 0.000010
0.465476 0.534494 0.000010 0.000010 0.000010
0.550425 0.449545 0.000010 0.000010 0.000010
0.063960 0.337514 0.000010 0.000010 0.598506
0.140275 0.595604 0.000010 0.116139 0.147972
0.257134 0.382374 0.000010 0.000010 0.360471
0.125089 0.140912 0.000010 0.000010 0.733979
0.202543 0.599841 0.000010 0.000010 0.197596
0.000015 0.641979 0.000010 0.000010 0.357985
0.000010 0.959153 0.000010 0.000010 0.040817
0.000010 0.531519 0.000010 0.468451 0.000010
0.000018 0.240006 0.000010 0.759956 0.000010
0.000015 0.608483 0.000010 0.000010 0.391482
0.346614 0.498046 0.000010 0.137892 0.017438
0.001323 0.319935 0.000010 0.000010 0.678722
0.107790 0.729322 0.000010 0.000010 0.162868
0.000010 0.999960 0.000010 0.000010 0.000010
0.082876 0.917094 0.000010 0.000010 0.000010
0.058793 0.941177 0.000010 0.000010 0.000010
0.119396 0.880574 0.000010 0.000010 0.000010
0.558388 0.432330 0.000010 0.001068 0.008204
0.478160 0.521810 0.000010 0.000010 0.000010
0.560181 0.439789 0.000010 0.000010 0.000010
0.392367 0.607603 0.000010 0.000010 0.000010
0.372657 0.627313 0.000010 0.000010 0.000010
0.456984 0.542986 0.000010 0.000010 0.000010
0.271323 0.601999 0.000010 0.126658 0.000010
0.214353 0.731137 0.000010 0.054490 0.000010
0.000010 0.999960 0.000010 0.000010 0.000010
0.474020 0.309700 0.000010 0.216260 0.000010
0.159325 0.840645 0.000010 0.000010 0.000010
0.406677 0.593292 0.000011 0.000010 0.000010
0.424843 0.575127 0.000010 0.000010 0.000010
0.423422 0.576548 0.000010 0.000010 0.000010
0.429842 0.570128 0.000010 0.000010 0.000010
0.440488 0.559482 0.000010 0.000010 0.000010
0.416968 0.381319 0.000010 0.000010 0.201693
0.571944 0.428026 0.000010 0.000010 0.000010
0.119718 0.880252 0.000010 0.000010 0.000010
0.136631 0.856314 0.000010 0.000010 0.007035
0.000016 0.271384 0.000010 0.728580 0.000010
0.000010 0.667983 0.000010 0.331987 0.000010
0.311640 0.466421 0.028681 0.000010 0.193248
0.000010 0.000010 0.999960 0.000010 0.000010
0.000010 0.658846 0.000010 0.341124 0.000010
0.000010 0.776821 0.000010 0.223149 0.000010
0.176796 0.000010 0.051156 0.556300 0.215738
0.017647 0.198745 0.000010 0.712231 0.071367
0.068986 0.000011 0.000010 0.930983 0.000010
0.000010 0.000010 0.000010 0.999960 0.000010
0.000010 0.969274 0.000010 0.000010 0.030696
0.510851 0.382298 0.000010 0.022972 0.083868
0.069625 0.433765 0.000010 0.000010 0.496590
0.000010 0.944996 0.000010 0.054974 0.000010
0.265055 0.000010 0.000010 0.000010 0.734915
0.334698 0.444807 0.000010 0.000010 0.220475
0.000010 0.310940 0.000010 0.000010 0.689030
0.000017 0.000010 0.000010 0.000010 0.999953
0.000016 0.000010 0.000011 0.999953 0.000010
0.000010 0.000010 0.999960 0.000010 0.000010
0.000010 0.113231 0.084098 0.802651 0.000010
0.000010 0.000010 0.999960 0.000010 0.000010
0.000010 0.939470 0.000010 0.000010 0.060500
0.354219 0.645751 0.000010 0.000010 0.000010
0.436952 0.524244 0.000010 0.000010 0.038784
0.000010 0.807671 0.000010 0.189362 0.002947
0.000016 0.629684 0.000010 0.000010 0.370280
0.042400 0.000010 0.024570 0.904041 0.028979
0.107033 0.563960 0.000010 0.240829 0.088167
