0.000010 0.593559 0.000010 0.406401 0.000010 0.000010
0.542891 0.000010 0.000010 0.457069 0.000010 0.000010
0.000010 0.049567 0.000010 0.950393 0.000010 0.000010
0.832982 0.000010 0.166978 0.000010 0.000010 0.000010
0.000010 0.999950 0.000010 0.000010 0.000010 0.000010
0.000010 0.000010 0.202812 0.797148 0.000010 0.000010
0.414177 0.000010 0.135904 0.449888 0.000010 0.000010
0.999950 0.000010 0.000010 0.000010 0.000010 0.000010
0.000010 0.000010 0.113663 0.886297 0.000010 0.000010
0.000010 0.020822 0.000010 0.979138 0.000010 0.000010
0.000010 0.000010 0.000010 0.999950 0.000010 0.000010
0.000010 0.000010 0.175545 0.000010 0.000010 0.824415
0.168532 0.000010 0.000010 0.771920 0.003440 0.056088
0.000010 0.000010 0.066761 0.648949 0.000010 0.284260
0.000010 0.000010 0.000010 0.000010 0.000010 0.999950
0.065938 0.000010 0.051867 0.052032 0.000010 0.830143
0.000010 0.000010 0.000010 0.276922 0.000010 0.723038
0.091830 0.000010 0.000010 0.000010 0.000010 0.908130
0.000010 0.000010 0.274072 0.562641 0.000010 0.163257
0.000010 0.176699 0.483445 0.339826 0.000010 0.000010
0.000010 0.000010 0.000010 0.386105 0.000010 0.613855
0.000010 0.000010 0.247745 0.752215 0.000010 0.000010
0.000010 0.000010 0.263841 0.736119 0.000010 0.000010
0.871157 0.000010 0.000010 0.128803 0.000010 0.000010
0.036672 0.000010 0.161891 0.190856 0.000010 0.610560
0.999950 0.000010 0.000010 0.000010 0.000010 0.000010
0.000010 0.000010 0.000010 0.999950 0.000010 0.000010
0.000010 0.000010 0.000010 0.000010 0.999950 0.000010
0.000010 0.000010 0.221587 0.592572 0.000010 0.185811
0.000010 0.000010 0.000010 0.706829 0.000010 0.293131
0.000010 0.000010 0.040656 0.785372 0.000010 0.173942
0.000010 0.000010 0.000010 0.999950 0.000010 0.000010
0.000010 0.000010 0.430476 0.569484 0.000010 0.000010
0.159687 0.000010 0.000010 0.422292 0.037905 0.380096
0.000010 0.000010 0.000010 0.918041 0.000010 0.081919
0.000010 0.000010 0.000010 0.999950 0.000010 0.000010
0.000010 0.000010 0.312746 0.152833 0.071056 0.463346
0.999950 0.000010 0.000010 0.000010 0.000010 0.000010
0.000010 0.999950 0.000010 0.000010 0.000010 0.000010
0.000010 0.305132 0.000539 0.659480 0.000010 0.034829
0.000010 0.999950 0.000010 0.000010 0.000010 0.000010
0.244879 0.000010 0.000010 0.148300 0.000010 0.606792
0.561072 0.000010 0.000010 0.438888 0.000010 0.000010
0.021872 0.000010 0.054924 0.923168 0.000016 0.000010
0.000010 0.000010 0.211427 0.788533 0.000010 0.000010
0.059035 0.015581 0.000010 0.573378 0.000010 0.351986
0.000010 0.000010 0.000010 0.800265 0.000010 0.199695
0.020109 0.000928 0.080210 0.224740 0.060240 0.613774
0.000010 0.000010 0.911196 0.000010 0.088764 0.000010
0.901623 0.000010 0.073058 0.025290 0.000010 0.000010
0.000012 0.000010 0.000010 0.999948 0.000010 0.000010
0.193963 0.000010 0.000010 0.000010 0.000010 0.805997
0.454617 0.000010 0.000010 0.534334 0.000010 0.011019
0.039992 0.200827 0.000010 0.568043 0.000010 0.191118
0.000010 0.000010 0.999950 0.000010 0.000010 0.000010
0.000010 0.000010 0.838234 0.000010 0.161726 0.000010
0.501393 0.000010 0.000010 0.498567 0.000010 0.000010
0.000010 0.000010 0.000010 0.611340 0.000010 0.388620
0.000010 0.000010 0.150698 0.664801 0.000010 0.184471
0.185967 0.000010 0.000010 0.535117 0.000010 0.278886
0.000010 0.113289 0.541915 0.329984 0.000010 0.014793
0.000010 0.000010 0.275727 0.000010 0.117015 0.607228
0.122722 0.000010 0.000017 0.440283 0.000010 0.436958
0.000012 0.000010 0.000010 0.390089 0.061973 0.547906
0.547051 0.000010 0.000010 0.287871 0.000010 0.165047
0.005647 0.077919 0.000010 0.916404 0.000010 0.000010
0.268529 0.000010 0.000010 0.407439 0.000010 0.324002
0.006091 0.233767 0.000010 0.760112 0.000010 0.000010
0.000010 0.000010 0.000010 0.999950 0.000010 0.000010
0.999950 0.000010 0.000010 0.000010 0.000010 0.000010
0.000010 0.000010 0.000010 0.000010 0.000010 0.999950
0.000010 0.895579 0.000010 0.104381 0.000010 0.000010
0.000010 0.000010 0.000010 0.000010 0.999950 0.000010
0.000010 0.000010 0.065407 0.811790 0.000010 0.122773
0.999950 0.000010 0.000010 0.000010 0.000010 0.000010
0.000010 0.999950 0.000010 0.000010 0.000010 0.000010
0.000010 0.000010 0.000010 0.000010 0.999950 0.000010
0.000010 0.000010 0.000010 0.999950 0.000010 0.000010
0.084347 0.000010 0.268550 0.000010 0.000010 0.647073
0.000010 0.000010 0.000010 0.000010 0.999950 0.000010
0.000010 0.352719 0.000010 0.647241 0.000010 0.000010
0.320775 0.000010 0.000010 0.425445 0.000010 0.253750
0.000010 0.000010 0.300698 0.641749 0.000010 0.057522
0.066146 0.000011 0.000010 0.000010 0.000010 0.933813
0.738416 0.000010 0.000010 0.148254 0.000010 0.113300
0.000010 0.000010 0.000010 0.000010 0.000010 0.999950
0.000010 0.000010 0.397942 0.450201 0.005717 0.146119
0.000010 0.000010 0.000010 0.000010 0.000010 0.999950
0.065807 0.000010 0.000010 0.653937 0.000010 0.280226
0.714561 0.000010 0.000010 0.285399 0.000010 0.000010
0.000010 0.286924 0.069013 0.499877 0.000010 0.144166
0.277713 0.000010 0.501363 0.220894 0.000010 0.000010
0.069766 0.000010 0.334375 0.013869 0.000010 0.581970
0.000010 0.000010 0.000010 0.999950 0.000010 0.000010
0.322529 0.000010 0.000015 0.639402 0.000010 0.038034
0.054916 0.000010 0.175776 0.769277 0.000011 0.000010
0.999950 0.000010 0.000010 0.000010 0.000010 0.000010
0.000010 0.959522 0.000010 0.000010 0.040438 0.000010
0.106112 0.000010 0.135958 0.000010 0.000010 0.757900
0.000010 0.000010 0.033494 0.958503 0.000010 0.007972
0.000017 0.000010 0.000010 0.892678 0.000010 0.107275
0.575094 0.000010 0.000010 0.000010 0.000010 0.424866
0.000010 0.000010 0.161720 0.529765 0.000010 0.308485
0.000010 0.999950 0.000010 0.000010 0.000010 0.000010
0.640866 0.000010 0.000010 0.081508 0.000010 0.277596
0.000010 0.000010 0.124482 0.009706 0.000010 0.865782
0.000018 0.000010 0.057606 0.755744 0.000010 0.186612
0.000010 0.000017 0.000010 0.999943 0.000010 0.000010
0.000010 0.000010 0.535594 0.464366 0.000010 0.000010
0.122793 0.000010 0.000010 0.000010 0.000010 0.877167
0.000010 0.000010 0.000010 0.856364 0.000010 0.143596
0.000010 0.999950 0.000010 0.000010 0.000010 0.000010
0.708801 0.000010 0.102677 0.188492 0.000010 0.000010
0.484562 0.000010 0.000010 0.000010 0.000010 0.515398
0.000010 0.948414 0.000010 0.000010 0.051546 0.000010
0.000010 0.000010 0.000010 0.221536 0.000010 0.778424
0.000373 0.404882 0.000010 0.594715 0.000010 0.000010
0.000010 0.636442 0.000010 0.038340 0.325187 0.000010
0.000010 0.000010 0.000010 0.000010 0.000010 0.999950
0.000010 0.000010 0.000010 0.000010 0.999950 0.000010
0.000015 0.000010 0.000010 0.999945 0.000010 0.000010
0.015373 0.000010 0.000010 0.433746 0.000010 0.550851
0.000010 0.000010 0.000010 0.999950 0.000010 0.000010
0.895817 0.000010 0.097788 0.000010 0.000010 0.006366
0.147359 0.000010 0.000010 0.000010 0.000010 0.852601
0.000010 0.000010 0.000010 0.999950 0.000010 0.000010
0.361202 0.000010 0.205635 0.000010 0.000010 0.433133
0.000010 0.000010 0.039074 0.644984 0.000010 0.315912
0.000010 0.073195 0.000010 0.423493 0.000010 0.503282
0.000010 0.394020 0.000010 0.605940 0.000010 0.000010
0.001236 0.255474 0.186134 0.557132 0.000013 0.000010
0.000012 0.224963 0.000010 0.774994 0.000010 0.000010
0.296702 0.000010 0.102014 0.499195 0.000010 0.102070
0.264362 0.000010 0.000010 0.002695 0.000010 0.732913
0.000010 0.000010 0.999950 0.000010 0.000010 0.000010
0.000010 0.000010 0.999950 0.000010 0.000010 0.000010
0.000010 0.105105 0.000010 0.595835 0.026744 0.272297
0.000010 0.000010 0.019001 0.980959 0.000010 0.000010
0.000010 0.000010 0.270220 0.729740 0.000010 0.000010
0.868042 0.000010 0.000010 0.081701 0.000010 0.050227
0.000010 0.000010 0.000010 0.669502 0.000010 0.330458
0.488856 0.000010 0.000010 0.000010 0.000010 0.511104
0.077965 0.089991 0.000010 0.810747 0.002428 0.018859
0.999950 0.000010 0.000010 0.000010 0.000010 0.000010
0.000010 0.000010 0.439107 0.560853 0.000010 0.000010
0.000010 0.329851 0.000010 0.670109 0.000010 0.000010
0.000010 0.000010 0.000010 0.999950 0.000010 0.000010
0.000010 0.357987 0.000010 0.641973 0.000010 0.000010
0.118707 0.000010 0.000010 0.673736 0.000010 0.207527
0.000010 0.167682 0.000010 0.832278 0.000010 0.000010
0.000010 0.000010 0.000010 0.362856 0.000010 0.637104
0.000010 0.000010 0.000010 0.925445 0.000010 0.074515
0.000010 0.000010 0.000010 0.999950 0.000010 0.000010
0.544990 0.015471 0.000010 0.439509 0.000010 0.000010
0.000010 0.000010 0.665359 0.323497 0.000010 0.011114
0.000010 0.000010 0.017879 0.982081 0.000010 0.000010
0.000010 0.999947 0.000013 0.000010 0.000010 0.000010
0.045795 0.000010 0.256914 0.656466 0.040805 0.000010
0.019226 0.000010 0.000010 0.719624 0.000010 0.261119
0.000010 0.388546 0.000010 0.531879 0.000010 0.079545
0.000010 0.000010 0.212620 0.787340 0.000010 0.000010
0.000010 0.000011 0.000010 0.000010 0.999949 0.000010
0.000010 0.316630 0.055578 0.627762 0.000010 0.000010
0.000010 0.879636 0.000010 0.000010 0.000010 0.120324
0.000010 0.000010 0.000010 0.000010 0.999950 0.000010
0.999949 0.000011 0.000010 0.000010 0.000010 0.000010
0.000010 0.000018 0.000010 0.000010 0.999942 0.000010
0.000010 0.000010 0.000015 0.000010 0.999945 0.000010
0.000010 0.426021 0.000010 0.573939 0.000010 0.000010
0.000010 0.097188 0.055688 0.847094 0.000010 0.000010
0.081025 0.000010 0.118145 0.710368 0.090442 0.000010
0.000010 0.000010 0.000010 0.000010 0.999950 0.000010
0.078743 0.269687 0.000010 0.651541 0.000010 0.000010
0.000010 0.000010 0.000010 0.886054 0.000010 0.113906
0.653847 0.000010 0.000010 0.346113 0.000010 0.000010
0.000010 0.000010 0.078585 0.696333 0.000010 0.225053
0.228731 0.122156 0.000010 0.649083 0.000010 0.000010
0.000010 0.076964 0.000010 0.747597 0.000010 0.175409
0.136058 0.000010 0.000010 0.299256 0.000010 0.564656
0.000010 0.206329 0.000014 0.793621 0.000017 0.000010
0.000010 0.000010 0.247082 0.160792 0.063023 0.529083
0.999950 0.000010 0.000010 0.000010 0.000010 0.000010
0.000010 0.436949 0.000010 0.563011 0.000010 0.000010
0.044909 0.000010 0.600874 0.354188 0.000010 0.000010
0.000010 0.651929 0.000010 0.348031 0.000010 0.000010
0.098293 0.000019 0.000010 0.403113 0.000010 0.498555
0.000010 0.199855 0.000010 0.800105 0.000010 0.000010
0.000010 0.000010 0.000010 0.000010 0.000010 0.999950
0.000010 0.000010 0.000010 0.967017 0.000010 0.032943
0.000010 0.000010 0.000010 0.999950 0.000010 0.000010
0.096390 0.000010 0.000010 0.328581 0.000010 0.574999
0.402133 0.023904 0.000010 0.573933 0.000010 0.000010
0.000010 0.639670 0.323531 0.000013 0.036766 0.000010
0.000010 0.000010 0.108380 0.761941 0.000010 0.129649
0.530341 0.000010 0.000010 0.469619 0.000010 0.000010
0.182597 0.000010 0.028879 0.372995 0.011789 0.403730
0.174227 0.000010 0.000010 0.825733 0.000010 0.000010
0.000010 0.000010 0.083458 0.916502 0.000010 0.000010
0.000010 0.999950 0.000010 0.000010 0.000010 0.000010
0.396111 0.000010 0.000018 0.603841 0.000010 0.000010
0.735094 0.000010 0.000010 0.000010 0.000010 0.264866
0.000010 0.000010 0.000010 0.788777 0.000010 0.211183
0.000010 0.000010 0.245750 0.313590 0.000010 0.440630
0.000010 0.000010 0.000010 0.782309 0.000010 0.217651
0.400155 0.000010 0.000010 0.251005 0.000010 0.348810
0.714430 0.000010 0.000010 0.000010 0.000010 0.285530
0.000010 0.000013 0.000010 0.000010 0.999947 0.000010
0.000010 0.000010 0.000010 0.999950 0.000010 0.000010
0.544997 0.000010 0.000010 0.000010 0.000010 0.454963
0.163624 0.327616 0.267524 0.089805 0.000010 0.151421
0.000010 0.000010 0.000010 0.000010 0.000010 0.999950
0.000010 0.000010 0.000010 0.999950 0.000010 0.000010
0.000010 0.917321 0.000010 0.082639 0.000010 0.000010
0.298135 0.000010 0.000010 0.000010 0.000010 0.701825
0.000010 0.000010 0.000010 0.999950 0.000010 0.000010
0.622780 0.000010 0.067346 0.309844 0.000010 0.000010
0.000010 0.000010 0.000010 0.159067 0.090173 0.750730
0.000010 0.000010 0.001871 0.386052 0.000010 0.612047
0.023904 0.000010 0.000010 0.976056 0.000010 0.000010
0.000010 0.000010 0.113167 0.886793 0.000010 0.000010
0.999950 0.000010 0.000010 0.000010 0.000010 0.000010
0.519678 0.000010 0.000010 0.000010 0.000010 0.480282
0.000010 0.000010 0.705419 0.000010 0.000010 0.294541
0.000010 0.609500 0.000010 0.390460 0.000010 0.000010
0.217428 0.000010 0.000017 0.255204 0.000010 0.527331
0.000010 0.166152 0.034272 0.799545 0.000010 0.000010
0.000010 0.000010 0.000010 0.221126 0.000010 0.778834
0.000010 0.000010 0.111821 0.622883 0.000010 0.265266
0.000010 0.049416 0.000010 0.950544 0.000010 0.000010
0.000010 0.373985 0.625975 0.000010 0.000010 0.000010
0.267327 0.000010 0.000010 0.673621 0.000010 0.059022
0.358717 0.641243 0.000010 0.000010 0.000010 0.000010
0.477144 0.000010 0.000010 0.216767 0.000010 0.306059
0.000010 0.000010 0.000010 0.999950 0.000010 0.000010
0.477666 0.000010 0.000010 0.428160 0.000010 0.094144
0.115153 0.000010 0.000010 0.382378 0.000010 0.502439
0.999950 0.000010 0.000010 0.000010 0.000010 0.000010
0.294141 0.000010 0.000010 0.705819 0.000010 0.000010
0.000010 0.000010 0.003662 0.801512 0.000010 0.194795
0.000010 0.000015 0.000012 0.000010 0.999943 0.000010
0.999950 0.000010 0.000010 0.000010 0.000010 0.000010
0.598994 0.000010 0.000010 0.400966 0.000010 0.000010
0.000010 0.744002 0.109618 0.146350 0.000010 0.000010
0.307182 0.000010 0.000010 0.692778 0.000010 0.000010
0.000011 0.000010 0.000010 0.999949 0.000010 0.000010
0.000010 0.000010 0.000010 0.000010 0.999950 0.000010
0.366626 0.000019 0.000010 0.514814 0.000010 0.118521
0.000010 0.000010 0.124469 0.000010 0.000010 0.875491
0.000010 0.000010 0.578390 0.073415 0.000010 0.348165
0.000010 0.000010 0.000010 0.739597 0.000010 0.260363
0.002545 0.000010 0.000010 0.070527 0.000010 0.926898
0.000010 0.000010 0.000010 0.976050 0.000010 0.023910
0.000010 0.000010 0.000010 0.320322 0.000010 0.679638
0.072860 0.000010 0.000010 0.927100 0.000010 0.000010
0.999950 0.000010 0.000010 0.000010 0.000010 0.000010
0.000010 0.000010 0.000010 0.000010 0.999950 0.000010
0.000010 0.020477 0.000010 0.533293 0.000010 0.446200
0.000010 0.000010 0.000010 0.842110 0.000010 0.157850
0.000010 0.024486 0.000010 0.975474 0.000010 0.000010
0.000010 0.000010 0.400042 0.000010 0.135854 0.464074
0.000010 0.000010 0.000010 0.000010 0.999950 0.000010
0.250137 0.119418 0.000010 0.630415 0.000010 0.000010
0.078905 0.000016 0.000010 0.717418 0.000010 0.203642
0.090415 0.000010 0.099773 0.379154 0.000010 0.430638
0.000010 0.000010 0.388225 0.611727 0.000018 0.000010
0.000010 0.000010 0.150050 0.644834 0.000010 0.205087
0.074797 0.021004 0.000010 0.418090 0.027734 0.458365
0.995253 0.000010 0.000010 0.000010 0.000010 0.004707
0.161630 0.000010 0.000010 0.031248 0.000010 0.807092
0.000010 0.944191 0.055769 0.000010 0.000010 0.000010
0.000010 0.000010 0.000010 0.000010 0.999950 0.000010
0.000010 0.000010 0.000010 0.648491 0.000010 0.351469
0.068700 0.000010 0.477401 0.058309 0.076322 0.319258
0.013063 0.900854 0.086053 0.000010 0.000010 0.000010
0.655795 0.000010 0.000010 0.344165 0.000010 0.000010
0.033265 0.000010 0.000010 0.662614 0.000010 0.304091
0.585636 0.000010 0.000010 0.000010 0.000010 0.414324
0.000326 0.619530 0.000010 0.380113 0.000010 0.000010
0.000010 0.908953 0.000010 0.000010 0.000010 0.091007
0.000010 0.701884 0.000010 0.298076 0.000010 0.000010
0.000010 0.350680 0.000010 0.649280 0.000010 0.000010
0.000010 0.000010 0.000010 0.000010 0.000010 0.999950
0.001414 0.000010 0.846527 0.000010 0.152029 0.000010
0.000010 0.000010 0.046895 0.953065 0.000010 0.000010
0.177340 0.000010 0.000010 0.822620 0.000010 0.000010
0.000010 0.139828 0.171033 0.689109 0.000010 0.000010
0.000085 0.000010 0.000010 0.999875 0.000010 0.000010
0.000011 0.000010 0.000010 0.000010 0.999949 0.000010
0.000010 0.542471 0.105185 0.352315 0.000010 0.000010
0.292495 0.000010 0.000010 0.586771 0.000010 0.120705
0.078764 0.568539 0.000010 0.327334 0.000010 0.025342
0.000010 0.106926 0.000010 0.000010 0.893034 0.000010
0.000010 0.000017 0.000012 0.000010 0.999941 0.000010
0.000010 0.037312 0.000010 0.909152 0.000010 0.053506
0.000010 0.000010 0.143774 0.833550 0.000010 0.022646
0.000010 0.000010 0.000010 0.625533 0.000010 0.374427
0.123573 0.000010 0.000010 0.320591 0.000010 0.555805
0.000010 0.000010 0.999950 0.000010 0.000010 0.000010
0.000010 0.000010 0.000012 0.999948 0.000010 0.000010
0.640358 0.000010 0.000010 0.082088 0.000010 0.277525
0.868668 0.000010 0.000010 0.000010 0.000010 0.131292
0.266923 0.000010 0.000010 0.677484 0.000010 0.055563
0.041531 0.833706 0.000010 0.124733 0.000010 0.000010
0.000010 0.000010 0.121328 0.789455 0.000010 0.089187
0.183584 0.000010 0.000010 0.816376 0.000010 0.000010
0.000010 0.000010 0.165022 0.834938 0.000010 0.000010
0.000010 0.000010 0.000010 0.369324 0.000010 0.630636
0.000010 0.000010 0.124493 0.875467 0.000010 0.000010
0.000010 0.000010 0.677270 0.000010 0.000010 0.322690
0.000010 0.000010 0.448472 0.551488 0.000010 0.000010
0.000010 0.000010 0.640222 0.034343 0.000010 0.325405
0.086124 0.834243 0.000010 0.000010 0.000010 0.079603
0.000016 0.999944 0.000010 0.000010 0.000010 0.000010
0.126582 0.000010 0.000010 0.873378 0.000010 0.000010
0.000010 0.263672 0.000010 0.736288 0.000010 0.000010
0.000010 0.000010 0.374810 0.000010 0.100914 0.524245
0.000010 0.000010 0.000010 0.999950 0.000010 0.000010
0.000010 0.006787 0.169066 0.824117 0.000010 0.000010
0.000010 0.000010 0.000010 0.396313 0.000010 0.603647
0.000010 0.000010 0.000010 0.915006 0.000010 0.084954
0.000010 0.246842 0.000010 0.753118 0.000010 0.000010
0.052315 0.000010 0.000010 0.829307 0.000010 0.118347
0.000011 0.000010 0.000014 0.000010 0.999946 0.000010
0.000010 0.617125 0.000014 0.382831 0.000010 0.000010
0.999950 0.000010 0.000010 0.000010 0.000010 0.000010
0.000010 0.000010 0.000010 0.999950 0.000010 0.000010
0.000010 0.000014 0.022351 0.788911 0.000010 0.188705
0.000010 0.000010 0.401547 0.000010 0.000010 0.598413
0.095904 0.000010 0.000010 0.641840 0.000010 0.262226
0.000010 0.000019 0.409920 0.000010 0.020717 0.569324
