0.000010 0.000010 0.000010 0.000010 0.705094 0.000010 0.000010 0.000010 0.294836
0.000010 0.126947 0.000010 0.000010 0.000010 0.000010 0.353415 0.000010 0.519578
0.064787 0.000010 0.000010 0.000010 0.027731 0.000010 0.000010 0.000010 0.907422
0.000010 0.000010 0.000010 0.000010 0.000010 0.100911 0.899019 0.000010 0.000010
0.000010 0.000010 0.000010 0.131524 0.868406 0.000010 0.000010 0.000010 0.000010
0.000010 0.000010 0.000010 0.000010 0.000010 0.000010 0.000010 0.385559 0.614371
0.000010 0.931436 0.000010 0.000010 0.000010 0.000010 0.000010 0.000010 0.068494
0.000010 0.000010 0.000016 0.000010 0.000010 0.000010 0.999914 0.000010 0.000010
0.000010 0.000010 0.000010 0.000010 0.000010 0.000010 0.000010 0.514923 0.485007
0.000010 0.346252 0.000010 0.000010 0.000010 0.000010 0.000010 0.000010 0.653678
0.000010 0.000010 0.000010 0.000010 0.000010 0.000010 0.000010 0.000010 0.999920
0.000010 0.000010 0.999920 0.000010 0.000010 0.000010 0.000010 0.000010 0.000010
0.372068 0.000010 0.000010 0.000010 0.000010 0.000010 0.145594 0.021110 0.461178
0.098554 0.360788 0.080180 0.000010 0.000010 0.000010 0.000010 0.123268 0.337170
0.000010 0.000017 0.999913 0.000010 0.000010 0.000010 0.000010 0.000010 0.000010
0.000010 0.000010 0.821670 0.000010 0.000010 0.000010 0.082559 0.000010 0.095710
0.000010 0.232327 0.587053 0.000010 0.000010 0.000010 0.000010 0.000010 0.180561
0.000049 0.000019 0.864737 0.000010 0.000010 0.000010 0.135146 0.000010 0.000010
0.112692 0.000010 0.000010 0.000010 0.000010 0.000010 0.100736 0.746692 0.039830
0.000010 0.000010 0.000010 0.176781 0.159199 0.000010 0.045158 0.618812 0.000010
0.999920 0.000010 0.000010 0.000010 0.000010 0.000010 0.000010 0.000010 0.000010
0.335366 0.000017 0.000010 0.120044 0.000010 0.000010 0.000010 0.000010 0.544523
0.000010 0.000010 0.000010 0.000010 0.000010 0.000010 0.000010 0.786659 0.213271
0.000010 0.000010 0.000010 0.000010 0.000010 0.000010 0.780787 0.000010 0.219143
0.098005 0.570960 0.260833 0.000010 0.000010 0.000010 0.070152 0.000010 0.000010
0.000010 0.094166 0.065529 0.000010 0.000010 0.000010 0.840245 0.000010 0.000010
0.000010 0.000010 0.000010 0.000010 0.000010 0.000010 0.000010 0.000010 0.999920
0.000010 0.000010 0.000010 0.000010 0.000010 0.999919 0.000010 0.000011 0.000010
0.000010 0.111846 0.078828 0.000010 0.000010 0.000010 0.000010 0.478750 0.330526
0.148015 0.000010 0.254521 0.000010 0.000010 0.000010 0.000010 0.000010 0.597404
0.000010 0.000010 0.255545 0.000010 0.000010 0.000010 0.000010 0.004373 0.740021
0.159658 0.138544 0.000010 0.000010 0.000010 0.000010 0.000010 0.000010 0.701738
0.054496 0.000010 0.000010 0.000010 0.000010 0.000010 0.000010 0.945434 0.000010
0.179748 0.000010 0.317738 0.000010 0.000010 0.028868 0.114303 0.000010 0.359303
0.000010 0.000010 0.087336 0.000010 0.000010 0.000010 0.000010 0.000010 0.912594
0.362587 0.000010 0.000010 0.000010 0.000010 0.000010 0.000010 0.000010 0.637343
0.588890 0.000010 0.052319 0.000010 0.000010 0.104445 0.000010 0.254296 0.000010
0.000010 0.000010 0.000010 0.000010 0.000010 0.000010 0.999920 0.000010 0.000010
0.000010 0.000010 0.000010 0.999920 0.000010 0.000010 0.000010 0.000010 0.000010
0.000010 0.301471 0.000010 0.000010 0.265331 0.000010 0.000010 0.108171 0.324977
0.000010 0.000010 0.000010 0.914643 0.085283 0.000014 0.000010 0.000010 0.000010
0.000010 0.091000 0.540422 0.000010 0.000010 0.000010 0.221771 0.000010 0.146757
0.000010 0.124780 0.000010 0.000010 0.000010 0.000010 0.379067 0.000010 0.496093
0.000015 0.382261 0.000010 0.000011 0.000010 0.000012 0.000015 0.000010 0.617655
0.415096 0.000010 0.000010 0.000010 0.000010 0.000010 0.000010 0.315253 0.269591
0.000010 0.000010 0.338123 0.000010 0.049822 0.000010 0.025073 0.000010 0.586932
0.000010 0.000010 0.239824 0.000010 0.000010 0.000010 0.000010 0.000010 0.760106
0.894349 0.000010 0.105581 0.000010 0.000010 0.000010 0.000010 0.000010 0.000010
0.000010 0.000010 0.000010 0.931355 0.000010 0.068575 0.000010 0.000010 0.000010
0.000010 0.246186 0.000010 0.000010 0.000010 0.000010 0.745667 0.000010 0.008088
0.140099 0.000010 0.000010 0.000010 0.000010 0.000010 0.000010 0.000010 0.859831
0.000010 0.141838 0.697205 0.000010 0.000010 0.000010 0.160898 0.000010 0.000010
0.000010 0.072325 0.047971 0.000010 0.000010 0.000010 0.180484 0.000010 0.699170
0.127939 0.519515 0.000010 0.000010 0.162393 0.000010 0.000010 0.000010 0.190103
0.000010 0.000010 0.000010 0.999920 0.000010 0.000010 0.000010 0.000010 0.000010
0.000010 0.000010 0.015716 0.655705 0.000010 0.208935 0.000010 0.119594 0.000010
0.000010 0.000010 0.000010 0.000010 0.000010 0.000010 0.428041 0.000010 0.571889
0.149051 0.444310 0.047775 0.000010 0.035178 0.000010 0.000010 0.000010 0.323647
0.000010 0.174915 0.199188 0.000010 0.000010 0.000010 0.000010 0.214265 0.411581
0.062876 0.186539 0.153573 0.000010 0.000010 0.000010 0.170770 0.000010 0.426203
0.000010 0.000010 0.000010 0.000010 0.000010 0.000010 0.000010 0.999920 0.000010
0.653359 0.000010 0.156238 0.000010 0.000010 0.184427 0.000010 0.005926 0.000010
0.335412 0.457039 0.000010 0.000010 0.000010 0.000010 0.136193 0.000010 0.071306
0.747402 0.136723 0.023294 0.000010 0.000010 0.015975 0.000010 0.076566 0.000010
0.000010 0.885926 0.000010 0.000010 0.000010 0.000010 0.114004 0.000010 0.000010
0.000010 0.000010 0.000010 0.000010 0.159908 0.000010 0.004516 0.000010 0.835516
0.000010 0.647542 0.000010 0.000010 0.000010 0.000010 0.105634 0.000010 0.246765
0.000010 0.000010 0.000010 0.000013 0.323535 0.000010 0.008380 0.000010 0.668022
0.000010 0.000010 0.000010 0.000010 0.000010 0.000010 0.000010 0.000010 0.999920
0.000010 0.000010 0.000018 0.000010 0.000010 0.000010 0.999912 0.000010 0.000010
0.000010 0.300678 0.699252 0.000010 0.000010 0.000010 0.000010 0.000010 0.000010
0.132194 0.000010 0.000010 0.000010 0.867736 0.000010 0.000010 0.000010 0.000010
0.000010 0.000010 0.000010 0.000010 0.000010 0.999920 0.000010 0.000010 0.000010
0.584506 0.000010 0.000010 0.000010 0.000010 0.000010 0.000010 0.240876 0.174559
0.000010 0.000010 0.000010 0.000010 0.000010 0.000010 0.999920 0.000010 0.000010
0.000010 0.000010 0.000010 0.999920 0.000010 0.000010 0.000010 0.000010 0.000010
0.000010 0.000010 0.000010 0.000010 0.000010 0.999920 0.000010 0.000010 0.000010
0.000010 0.000010 0.000010 0.000010 0.000010 0.000010 0.000010 0.000010 0.999920
0.000010 0.000010 0.842965 0.000122 0.000010 0.046230 0.110633 0.000010 0.000010
0.000015 0.000010 0.000010 0.000010 0.000010 0.999915 0.000010 0.000010 0.000010
0.178668 0.000010 0.000010 0.000010 0.409829 0.000010 0.000010 0.000010 0.411443
0.000010 0.556906 0.017263 0.000010 0.000010 0.000010 0.167363 0.000010 0.258418
0.000010 0.000010 0.000010 0.000010 0.000010 0.000010 0.000010 0.742856 0.257074
0.000010 0.000010 0.945038 0.000010 0.000010 0.000010 0.054892 0.000010 0.000010
0.000010 0.214075 0.000010 0.000010 0.000010 0.000010 0.647103 0.000010 0.138763
0.000010 0.000010 0.999915 0.000010 0.000010 0.000010 0.000010 0.000015 0.000010
0.025072 0.717848 0.000010 0.000010 0.000010 0.075350 0.000010 0.181680 0.000010
0.000010 0.000010 0.999920 0.000010 0.000010 0.000010 0.000010 0.000010 0.000010
0.107280 0.418482 0.000010 0.000010 0.000010 0.000010 0.084962 0.000010 0.389226
0.000010 0.000010 0.000010 0.000010 0.000010 0.000010 0.668867 0.000010 0.331063
0.000010 0.000010 0.208820 0.000010 0.325287 0.000010 0.000010 0.111546 0.354298
0.000010 0.000012 0.000010 0.000010 0.000010 0.000010 0.182176 0.817752 0.000010
0.090333 0.000010 0.594371 0.207920 0.000010 0.000010 0.058152 0.000010 0.049185
0.000010 0.000010 0.000010 0.000010 0.000010 0.000010 0.000010 0.000010 0.999920
0.025971 0.087150 0.006875 0.000010 0.000010 0.000010 0.293924 0.000010 0.586040
0.022358 0.000010 0.000010 0.000010 0.000010 0.000010 0.092224 0.359524 0.525843
0.000010 0.000010 0.000010 0.000010 0.000010 0.000010 0.999920 0.000010 0.000010
0.000010 0.000010 0.000010 0.999917 0.000013 0.000010 0.000010 0.000010 0.000010
0.000010 0.382115 0.602722 0.000010 0.000010 0.000010 0.015104 0.000010 0.000010
0.258826 0.000010 0.000010 0.000010 0.000010 0.000010 0.000010 0.112532 0.628582
0.090233 0.000010 0.063919 0.000010 0.000010 0.000010 0.000010 0.071898 0.773899
0.000010 0.000010 0.390753 0.000010 0.000010 0.000010 0.609177 0.000010 0.000010
0.000010 0.529712 0.207100 0.000010 0.000010 0.000010 0.000010 0.000010 0.263129
0.000010 0.000010 0.000010 0.999920 0.000010 0.000010 0.000010 0.000010 0.000010
0.232141 0.116902 0.055130 0.000010 0.000010 0.000010 0.595776 0.000010 0.000010
0.000010 0.000010 0.922997 0.000010 0.000010 0.000010 0.000010 0.043124 0.033820
0.058215 0.000010 0.200658 0.000010 0.000010 0.000010 0.000010 0.223886 0.517191
0.000010 0.000010 0.000010 0.000010 0.000010 0.000010 0.000010 0.000010 0.999920
0.000010 0.000010 0.000010 0.000010 0.000010 0.000010 0.000010 0.999920 0.000010
0.000010 0.000010 0.840644 0.000010 0.000010 0.000010 0.159286 0.000010 0.000010
0.000010 0.358133 0.035380 0.000010 0.000010 0.000010 0.000010 0.000010 0.606428
0.000010 0.000010 0.000010 0.000010 0.999920 0.000010 0.000010 0.000010 0.000010
0.000010 0.199822 0.000010 0.000010 0.000010 0.027833 0.627037 0.000010 0.145258
0.000014 0.453868 0.180338 0.000010 0.000010 0.000010 0.365729 0.000010 0.000010
0.000010 0.000010 0.000010 0.000010 0.942438 0.057492 0.000010 0.000010 0.000010
0.000010 0.483943 0.515987 0.000010 0.000010 0.000010 0.000010 0.000010 0.000010
0.000010 0.000010 0.000010 0.000010 0.521284 0.000010 0.000010 0.000010 0.478646
0.000010 0.000010 0.000010 0.000010 0.665521 0.334409 0.000010 0.000010 0.000010
0.000010 0.000010 0.999920 0.000010 0.000010 0.000010 0.000010 0.000010 0.000010
0.000010 0.000010 0.000010 0.000010 0.000010 0.999920 0.000010 0.000010 0.000010
0.015935 0.000010 0.000010 0.000010 0.000010 0.000010 0.000010 0.000010 0.983995
0.000010 0.570841 0.189753 0.000010 0.000010 0.000010 0.000010 0.000010 0.239346
0.000010 0.000010 0.000010 0.000010 0.000010 0.000010 0.000010 0.000010 0.999920
0.000010 0.000010 0.000010 0.000010 0.000010 0.000010 0.849480 0.150450 0.000010
0.000010 0.000010 0.821467 0.000010 0.000010 0.000010 0.178463 0.000010 0.000010
0.000010 0.000010 0.000010 0.000010 0.000010 0.000010 0.000010 0.091578 0.908352
0.000010 0.000010 0.641388 0.000010 0.000010 0.000010 0.323044 0.035508 0.000010
0.447307 0.408272 0.000010 0.000010 0.000010 0.000010 0.000010 0.000010 0.144361
0.999920 0.000010 0.000010 0.000010 0.000010 0.000010 0.000010 0.000010 0.000010
0.000010 0.000010 0.000010 0.000010 0.510716 0.000010 0.000010 0.000010 0.489214
0.000010 0.017240 0.000010 0.172258 0.245596 0.000010 0.013844 0.056973 0.494058
0.000010 0.000010 0.000010 0.000010 0.310005 0.000010 0.000010 0.000010 0.689925
0.074760 0.481332 0.000010 0.000010 0.000010 0.000010 0.163634 0.000010 0.280225
0.000010 0.085092 0.634551 0.000010 0.000010 0.000010 0.280297 0.000010 0.000010
0.000010 0.000010 0.000010 0.999920 0.000010 0.000010 0.000010 0.000010 0.000010
0.000010 0.000010 0.129927 0.870003 0.000010 0.000010 0.000010 0.000010 0.000010
0.658306 0.051619 0.000010 0.000010 0.000010 0.017739 0.000010 0.000010 0.272286
0.000010 0.000010 0.000010 0.000010 0.000010 0.000010 0.000010 0.093291 0.906639
0.000010 0.000010 0.000010 0.000010 0.000010 0.000010 0.000010 0.746536 0.253394
0.000010 0.000010 0.049018 0.000010 0.000010 0.000010 0.853436 0.000010 0.097486
0.292389 0.377482 0.000010 0.000012 0.000010 0.000010 0.000010 0.000010 0.330068
0.000010 0.429712 0.173481 0.000010 0.000010 0.000010 0.396746 0.000010 0.000010
0.285305 0.000010 0.000010 0.000012 0.129453 0.000010 0.056233 0.000010 0.528957
0.000010 0.000010 0.000010 0.000010 0.000010 0.000010 0.999920 0.000010 0.000010
0.574882 0.000010 0.000010 0.189071 0.000010 0.000010 0.000010 0.000010 0.235987
0.143424 0.000010 0.000010 0.000010 0.354942 0.000010 0.000010 0.244343 0.257242
0.000010 0.000010 0.000010 0.000010 0.000010 0.000010 0.000012 0.000010 0.999918
0.000010 0.227892 0.000010 0.000010 0.369295 0.000010 0.000010 0.012058 0.390706
0.345440 0.000010 0.066026 0.000010 0.000010 0.000010 0.056314 0.000010 0.532170
0.000010 0.000010 0.000010 0.000010 0.261600 0.000010 0.000010 0.000010 0.738330
0.999919 0.000010 0.000011 0.000010 0.000010 0.000010 0.000010 0.000010 0.000010
0.329367 0.000013 0.000010 0.000010 0.000010 0.000010 0.000010 0.000010 0.670560
0.290198 0.000010 0.000010 0.000010 0.000019 0.000010 0.000010 0.000010 0.709723
0.000010 0.876514 0.000010 0.000010 0.000010 0.000010 0.051980 0.000010 0.071446
0.000010 0.000010 0.177324 0.000010 0.011218 0.000010 0.024995 0.786413 0.000010
0.000010 0.000010 0.000010 0.000010 0.000010 0.000010 0.000010 0.093468 0.906462
0.000010 0.000010 0.000010 0.000010 0.999920 0.000010 0.000010 0.000010 0.000010
0.272971 0.127327 0.000010 0.000010 0.000010 0.035355 0.031822 0.433166 0.099329
0.000010 0.582912 0.000010 0.000010 0.000010 0.000010 0.000010 0.000010 0.417018
0.136852 0.000010 0.037352 0.000010 0.423244 0.000010 0.000010 0.168653 0.233860
0.257943 0.000010 0.000010 0.000010 0.000010 0.000010 0.000010 0.299006 0.442990
0.000010 0.000010 0.000010 0.000010 0.000010 0.999920 0.000010 0.000010 0.000010
0.000010 0.129896 0.000010 0.000010 0.370570 0.000010 0.000010 0.047833 0.451651
0.071586 0.000010 0.025190 0.308376 0.589496 0.000010 0.005313 0.000010 0.000010
0.000010 0.000010 0.000010 0.000010 0.000010 0.999920 0.000010 0.000010 0.000010
0.000010 0.000010 0.000010 0.000010 0.000010 0.000010 0.999920 0.000010 0.000010
0.000010 0.000010 0.000010 0.000010 0.000010 0.999920 0.000010 0.000010 0.000010
0.000010 0.000010 0.000010 0.000010 0.000010 0.999920 0.000010 0.000010 0.000010
0.000010 0.000010 0.000010 0.000010 0.522911 0.000010 0.000010 0.000010 0.477019
0.000010 0.084613 0.000010 0.000010 0.141102 0.000010 0.000010 0.052820 0.721415
0.333111 0.000010 0.000010 0.002164 0.000010 0.101997 0.026493 0.000010 0.536195
0.000019 0.000010 0.000010 0.000016 0.000010 0.999905 0.000010 0.000010 0.000010
0.000010 0.000010 0.000010 0.000010 0.376924 0.000010 0.053142 0.000010 0.569874
0.000010 0.000010 0.092994 0.000010 0.000010 0.000010 0.000010 0.050928 0.856018
0.000010 0.000010 0.000010 0.000010 0.000010 0.000010 0.628164 0.000010 0.371766
0.085355 0.338525 0.021168 0.000014 0.000012 0.000012 0.000010 0.244968 0.309937
0.000010 0.691736 0.000010 0.000010 0.000010 0.000010 0.000015 0.000010 0.308189
0.121870 0.617703 0.000010 0.000010 0.000010 0.000010 0.000010 0.000010 0.260367
0.000010 0.855118 0.107918 0.000010 0.000010 0.000010 0.000010 0.000010 0.036904
0.000010 0.000010 0.000010 0.000010 0.283165 0.000010 0.000010 0.000010 0.716765
0.560083 0.000010 0.105520 0.000010 0.000010 0.065142 0.000010 0.269205 0.000010
0.000010 0.000010 0.000010 0.000010 0.000010 0.000010 0.999920 0.000010 0.000010
0.000010 0.000010 0.000010 0.000010 0.537789 0.000010 0.000010 0.000010 0.462141
0.125759 0.272968 0.121621 0.000010 0.000010 0.068021 0.000010 0.411591 0.000010
0.000010 0.000010 0.000010 0.000011 0.833321 0.000010 0.000010 0.000010 0.166608
0.000010 0.905771 0.000010 0.000010 0.000010 0.000010 0.040933 0.000010 0.053235
0.000010 0.000010 0.000010 0.000010 0.308242 0.000010 0.000010 0.000010 0.691688
0.000010 0.000010 0.999920 0.000010 0.000010 0.000010 0.000010 0.000010 0.000010
0.088498 0.000010 0.000010 0.000010 0.000010 0.000010 0.000010 0.000010 0.911432
0.000010 0.000010 0.000010 0.000010 0.000010 0.000010 0.000010 0.000010 0.999920
0.000010 0.999920 0.000010 0.000010 0.000010 0.000010 0.000010 0.000010 0.000010
0.000010 0.000010 0.000010 0.000010 0.030166 0.000010 0.311213 0.000010 0.658562
0.000010 0.000010 0.000010 0.965522 0.000010 0.034408 0.000010 0.000010 0.000010
0.548352 0.000010 0.000010 0.000010 0.000010 0.000010 0.000010 0.342644 0.108943
0.000010 0.040726 0.000010 0.000010 0.000010 0.000010 0.448545 0.000010 0.510669
0.970925 0.000010 0.000010 0.000010 0.000010 0.000010 0.029005 0.000010 0.000010
0.005712 0.058430 0.000010 0.000010 0.000010 0.000010 0.038220 0.000010 0.897587
0.370093 0.000010 0.000010 0.000010 0.000010 0.000010 0.000010 0.183990 0.445857
0.000010 0.000010 0.000010 0.999920 0.000010 0.000010 0.000010 0.000010 0.000010
0.000010 0.000010 0.000010 0.000010 0.000010 0.000010 0.332207 0.000010 0.667723
0.000010 0.061191 0.209243 0.000010 0.000010 0.000010 0.729506 0.000010 0.000010
0.439938 0.000010 0.005114 0.000010 0.000010 0.000010 0.000010 0.000010 0.554888
0.463488 0.000010 0.086290 0.000010 0.000010 0.000010 0.000010 0.450162 0.000010
0.000010 0.535346 0.000010 0.000010 0.000010 0.000010 0.000010 0.000010 0.464584
0.000010 0.467472 0.098351 0.000010 0.000010 0.000010 0.261174 0.000010 0.172953
0.000010 0.000010 0.258745 0.000010 0.000010 0.000010 0.741185 0.000010 0.000010
0.000010 0.000010 0.000010 0.000010 0.000010 0.999920 0.000010 0.000010 0.000010
0.000010 0.000010 0.000010 0.000010 0.000010 0.000010 0.000012 0.000010 0.999918
0.000010 0.666714 0.000010 0.000010 0.000010 0.000010 0.333216 0.000010 0.000010
0.072945 0.063685 0.151694 0.333077 0.189530 0.000010 0.166609 0.000010 0.022440
0.000010 0.000010 0.999920 0.000010 0.000010 0.000010 0.000010 0.000010 0.000010
0.000010 0.032237 0.000010 0.000010 0.000010 0.000010 0.000010 0.000010 0.967693
0.100901 0.000010 0.000010 0.000010 0.899029 0.000010 0.000010 0.000010 0.000010
0.000010 0.000010 0.688402 0.000010 0.000010 0.000010 0.311528 0.000010 0.000010
0.397451 0.000010 0.000010 0.000010 0.000010 0.000010 0.000014 0.000010 0.602476
0.143587 0.014573 0.000010 0.000010 0.000010 0.000010 0.582211 0.000010 0.259578
0.800394 0.000010 0.193296 0.000020 0.000010 0.006240 0.000010 0.000010 0.000010
0.131317 0.345858 0.340585 0.000010 0.000012 0.000018 0.000010 0.000010 0.182180
0.000010 0.000010 0.000010 0.000010 0.000010 0.000010 0.000010 0.000010 0.999920
0.138416 0.000017 0.000010 0.000010 0.000010 0.000010 0.000010 0.381602 0.479916
0.000010 0.000010 0.000010 0.000010 0.000010 0.000010 0.999920 0.000010 0.000010
0.000010 0.323011 0.233265 0.000010 0.000010 0.000010 0.443664 0.000010 0.000010
0.000010 0.197452 0.204897 0.000010 0.000010 0.061579 0.000010 0.536023 0.000010
0.000010 0.000010 0.000010 0.000017 0.754253 0.000010 0.000010 0.000010 0.245671
0.000010 0.960765 0.000010 0.000010 0.000010 0.000010 0.039165 0.000010 0.000010
0.000010 0.000010 0.002691 0.054266 0.171441 0.000010 0.000010 0.000010 0.771552
0.000010 0.672839 0.327091 0.000010 0.000010 0.000010 0.000010 0.000010 0.000010
0.786113 0.000010 0.000010 0.000010 0.000010 0.000010 0.000010 0.213817 0.000010
0.000010 0.313775 0.000010 0.000010 0.000010 0.000010 0.000010 0.000010 0.686155
0.000010 0.000010 0.000010 0.999918 0.000010 0.000012 0.000010 0.000010 0.000010
0.459667 0.000010 0.091516 0.000010 0.000010 0.000010 0.000010 0.000010 0.448758
0.000010 0.221298 0.000010 0.000010 0.640018 0.000010 0.138624 0.000010 0.000010
0.347069 0.143967 0.000010 0.000010 0.000010 0.000010 0.508904 0.000010 0.000010
0.000010 0.000010 0.000010 0.000010 0.000010 0.000010 0.000010 0.000010 0.999920
0.188110 0.090319 0.000010 0.000010 0.000010 0.000010 0.399330 0.000010 0.322192
0.000010 0.247234 0.355250 0.000010 0.000010 0.000010 0.053337 0.098406 0.245733
0.000010 0.000010 0.095325 0.000010 0.000010 0.000010 0.904605 0.000010 0.000010
0.000010 0.758275 0.000010 0.000010 0.000010 0.000010 0.000010 0.000010 0.241655
0.000010 0.000010 0.211640 0.000010 0.000010 0.000012 0.000010 0.046838 0.741460
0.000010 0.000010 0.000010 0.000010 0.000010 0.999920 0.000010 0.000010 0.000010
0.000010 0.000010 0.000010 0.000010 0.000010 0.000010 0.999920 0.000010 0.000010
0.000010 0.000010 0.000010 0.000010 0.000010 0.000010 0.522561 0.000010 0.477369
0.000010 0.000010 0.000010 0.000010 0.847368 0.027916 0.000010 0.117856 0.006810
0.000010 0.000010 0.000010 0.000010 0.000010 0.000010 0.237169 0.000010 0.762761
0.000010 0.000010 0.000010 0.000010 0.000010 0.000010 0.000010 0.262983 0.736947
0.000010 0.000010 0.000010 0.000010 0.000010 0.999920 0.000010 0.000010 0.000010
0.016198 0.455458 0.000010 0.000010 0.000010 0.000010 0.239996 0.000010 0.288298
0.000010 0.000010 0.999920 0.000010 0.000010 0.000010 0.000010 0.000010 0.000010
0.000010 0.000010 0.389688 0.000010 0.000010 0.000010 0.000010 0.610242 0.000010
0.644881 0.000010 0.000010 0.000010 0.000010 0.000010 0.000010 0.000010 0.355049
0.000010 0.103549 0.836354 0.000010 0.000010 0.000010 0.000017 0.000010 0.060031
0.396940 0.000010 0.000010 0.000010 0.000010 0.000010 0.000010 0.000010 0.602990
0.000010 0.000010 0.681227 0.000010 0.000010 0.000010 0.000010 0.000010 0.318703
0.000010 0.000010 0.000010 0.000010 0.000010 0.000010 0.067515 0.000010 0.932415
0.000010 0.000010 0.000010 0.000010 0.000010 0.000010 0.999920 0.000010 0.000010
0.000010 0.000010 0.000010 0.000010 0.000010 0.999920 0.000010 0.000010 0.000010
0.373582 0.372414 0.131903 0.000010 0.000010 0.000010 0.000010 0.000010 0.122050
0.000010 0.567982 0.000010 0.000010 0.000010 0.000010 0.000010 0.000010 0.431948
0.000010 0.000010 0.000010 0.000010 0.000010 0.000010 0.000010 0.000010 0.999920
0.427506 0.000010 0.322467 0.000010 0.000010 0.249967 0.000010 0.000010 0.000010
0.000010 0.000010 0.000010 0.000010 0.000010 0.999920 0.000010 0.000010 0.000010
0.378859 0.000010 0.000010 0.000010 0.112581 0.000010 0.228289 0.000010 0.280221
0.324437 0.000010 0.000010 0.000010 0.000010 0.000010 0.089795 0.000010 0.585707
0.000018 0.662632 0.000010 0.000010 0.000010 0.000010 0.032659 0.199213 0.105438
0.000010 0.000010 0.000010 0.000010 0.000010 0.000010 0.000010 0.951481 0.048449
0.442095 0.000010 0.032114 0.000010 0.000010 0.000010 0.000010 0.265396 0.260345
0.571463 0.000010 0.178438 0.000010 0.000010 0.000017 0.059938 0.000010 0.190104
0.000010 0.000010 0.120040 0.000010 0.000010 0.000010 0.879890 0.000010 0.000010
0.000010 0.585958 0.397303 0.000010 0.000010 0.000010 0.016679 0.000010 0.000010
0.000010 0.000010 0.000010 0.291415 0.708515 0.000010 0.000010 0.000010 0.000010
0.000010 0.000010 0.000010 0.000010 0.000010 0.999920 0.000010 0.000010 0.000010
0.935751 0.000010 0.000010 0.000010 0.000010 0.000010 0.000010 0.000010 0.064179
0.435094 0.179610 0.179032 0.000010 0.000010 0.206213 0.000010 0.000010 0.000010
0.000010 0.000010 0.000010 0.658078 0.341852 0.000010 0.000010 0.000010 0.000010
0.000010 0.000010 0.000010 0.000010 0.000010 0.000010 0.604102 0.000010 0.395828
0.090250 0.564721 0.000010 0.000011 0.000010 0.000010 0.018988 0.000010 0.325989
0.000010 0.000010 0.375440 0.000010 0.000010 0.000010 0.624490 0.000010 0.000010
0.000010 0.000010 0.000010 0.000010 0.743663 0.000010 0.016771 0.000010 0.239506
0.141188 0.000010 0.000010 0.000010 0.858742 0.000010 0.000010 0.000010 0.000010
0.000010 0.000010 0.000010 0.000010 0.898898 0.000010 0.000010 0.000010 0.101032
0.000010 0.000010 0.000010 0.000010 0.462286 0.000010 0.000010 0.000010 0.537644
0.000010 0.000010 0.999920 0.000010 0.000010 0.000010 0.000010 0.000010 0.000010
0.068977 0.203242 0.133329 0.000010 0.000010 0.382491 0.046179 0.165751 0.000010
0.000010 0.414258 0.000010 0.000010 0.000010 0.000020 0.000010 0.000010 0.585662
0.000010 0.179765 0.000010 0.000010 0.000010 0.000010 0.083970 0.000010 0.736205
0.000010 0.018107 0.000010 0.000010 0.202357 0.000010 0.000010 0.299154 0.480332
0.000010 0.357996 0.000010 0.000010 0.000010 0.000010 0.000010 0.000010 0.641934
0.000010 0.000010 0.000010 0.000010 0.000010 0.999920 0.000010 0.000010 0.000010
0.000010 0.000010 0.000010 0.000014 0.672150 0.000010 0.000010 0.276453 0.051333
0.195417 0.147591 0.028457 0.000010 0.000010 0.000010 0.240653 0.000010 0.387842
0.247653 0.000010 0.000010 0.282150 0.255537 0.000010 0.055741 0.000010 0.158878
0.000010 0.000010 0.000010 0.000010 0.105963 0.893967 0.000010 0.000010 0.000010
0.000010 0.000010 0.000010 0.000010 0.000010 0.999920 0.000010 0.000010 0.000010
0.422501 0.000010 0.000010 0.000010 0.000010 0.000010 0.000010 0.000010 0.577429
0.590168 0.000010 0.000010 0.000010 0.000010 0.000010 0.000010 0.000010 0.409762
0.000010 0.792540 0.000010 0.000010 0.000010 0.000010 0.000010 0.000010 0.207390
0.000010 0.999920 0.000010 0.000010 0.000010 0.000010 0.000010 0.000010 0.000010
0.000010 0.000010 0.000010 0.999920 0.000010 0.000010 0.000010 0.000010 0.000010
0.127179 0.000010 0.000010 0.000010 0.000010 0.000010 0.000010 0.126887 0.745874
0.000010 0.654034 0.000010 0.000010 0.000010 0.000010 0.345896 0.000010 0.000010
0.000010 0.000010 0.144638 0.000010 0.000010 0.000010 0.855292 0.000010 0.000010
0.456734 0.000010 0.089705 0.000010 0.000010 0.000010 0.000010 0.000010 0.453501
0.014097 0.000010 0.000010 0.000010 0.907815 0.000010 0.078028 0.000010 0.000010
0.664500 0.000010 0.000010 0.000010 0.000010 0.000010 0.000010 0.001892 0.333548
0.000010 0.525488 0.000010 0.000010 0.000010 0.000010 0.000010 0.000010 0.474442
0.151481 0.000010 0.000010 0.000010 0.000010 0.000010 0.000010 0.411151 0.437308
0.783612 0.141186 0.035779 0.000010 0.000010 0.000010 0.039373 0.000010 0.000010
0.359639 0.000010 0.000010 0.000010 0.000010 0.000010 0.000010 0.218172 0.422129
0.000016 0.000010 0.376648 0.000010 0.000010 0.000010 0.000010 0.623276 0.000010
0.000010 0.000010 0.041684 0.000010 0.000010 0.000010 0.000010 0.804126 0.154131
0.000010 0.000010 0.196121 0.000010 0.000010 0.000010 0.000010 0.803809 0.000010
0.000010 0.000010 0.095359 0.118711 0.723341 0.000010 0.062538 0.000010 0.000010
0.000010 0.000010 0.000010 0.999915 0.000015 0.000010 0.000010 0.000010 0.000010
0.104877 0.000010 0.000010 0.000010 0.000010 0.000010 0.132656 0.063275 0.699142
0.000010 0.000010 0.000010 0.000010 0.325146 0.000010 0.000010 0.038665 0.636129
0.300415 0.189101 0.296278 0.000010 0.000010 0.214156 0.000010 0.000010 0.000010
0.000010 0.000010 0.000010 0.000010 0.000010 0.000010 0.000010 0.000010 0.999920
0.000010 0.039703 0.000010 0.000010 0.021877 0.000010 0.000010 0.364527 0.573844
0.944466 0.000010 0.055464 0.000010 0.000010 0.000010 0.000010 0.000010 0.000010
0.523365 0.000010 0.000010 0.000010 0.000010 0.000010 0.000010 0.225402 0.251173
0.000010 0.000010 0.000010 0.000010 0.298676 0.000010 0.000010 0.000010 0.701254
0.000010 0.566027 0.000010 0.000010 0.000010 0.000010 0.000010 0.000010 0.433903
0.000014 0.000010 0.000010 0.000010 0.000010 0.999916 0.000010 0.000010 0.000010
0.000010 0.000010 0.000010 0.000010 0.777349 0.000010 0.000010 0.000010 0.222580
0.000014 0.000010 0.000015 0.000010 0.000010 0.000010 0.999911 0.000010 0.000010
0.000010 0.000010 0.000010 0.000010 0.000010 0.000010 0.000010 0.000010 0.999920
0.000010 0.000010 0.261933 0.000010 0.000010 0.000010 0.000010 0.000010 0.737997
0.000010 0.000010 0.404353 0.000010 0.000010 0.000010 0.000010 0.595577 0.000010
0.174199 0.413330 0.000010 0.000010 0.000010 0.000010 0.101885 0.000010 0.310536
0.000010 0.187134 0.558339 0.000010 0.000010 0.081769 0.000010 0.172709 0.000010
